500 Car 0.0 0 -1.30087411403656 435.83415929961905 161.13568500338963 523.7826974686664 222.6510093926719 4.289670467376709 1.849737286567688 1.760890007019043 -4.534317493438721 1.0720093250274658 24.011316299438477 -1.4875171184539795 0.8886874914169312
501 Car 0.0 0 -1.3650212287902832 421.0839409942071 161.2749031730599 510.4930865634387 227.63112697291066 4.138332366943359 1.7636865377426147 1.7438944578170776 -4.426346778869629 1.07993745803833 21.340316772460938 -1.5695383548736572 3.408994436264038
502 Car 0.0 0 -1.4086523056030273 409.62447213568146 161.61408419457115 499.3746795985508 230.83743592244417 3.9183638095855713 1.6677219867706299 1.7178832292556763 -4.334208965301514 1.0561270713806152 19.471677780151367 -1.6276720762252808 4.89595890045166
502 Car 0.0 0 -0.9772229194641113 0.0 79.9328442782718 352.8624870796522 375.0 5.950226783752441 2.6523890495300293 2.285543918609619 -5.5404582023620605 1.8054161071777344 8.741972923278809 -1.5421086549758911 0.5284059643745422
503 Car 0.0 0 -1.3905606269836426 395.62788794821233 161.96703948122038 496.04351632108006 234.37652929201758 4.104400157928467 1.6041667461395264 1.7081211805343628 -4.228523254394531 1.049584150314331 18.153194427490234 -1.619415283203125 5.31834602355957
504 Car 0.0 0 -1.3618807792663574 383.2585128861877 162.21629055558773 489.3301406764204 238.61238393151663 3.821537971496582 1.6016342639923096 1.6467217206954956 -4.212152481079102 1.0820469856262207 17.135934829711914 -1.6029102802276611 5.709141254425049
504 Car 0.0 0 -1.1304816007614136 238.04417662285394 175.0032504532389 349.9759810449973 235.0701154465776 4.294346332550049 1.8682427406311035 1.8039499521255493 -10.966507911682129 1.4951112270355225 24.716856002807617 -1.5480719804763794 1.027309775352478
505 Car 0.0 0 -1.3436493873596191 368.7713855849771 162.8087922598294 484.0688502189693 245.05451946741073 3.865994930267334 1.61784029006958 1.6318436861038208 -4.185247898101807 1.1419795751571655 16.214649200439453 -1.5962512493133545 5.950433254241943
505 Car 0.0 0 -1.1272457838058472 196.2299750771585 175.62488979272837 327.23968284067314 243.45170401317958 3.7192115783691406 1.607017993927002 1.6267480850219727 -9.255278587341309 1.337507963180542 19.044313430786133 -1.5796198844909668 4.325051784515381
506 Car 0.0 0 -1.2865371704101562 348.3973141951185 164.37941299075487 478.3982899487368 248.02149207508754 3.8478617668151855 1.5438156127929688 1.5923665761947632 -4.204504013061523 1.1262983083724976 15.31849479675293 -1.554412841796875 6.557920455932617
506 Car 0.0 0 -1.080817699432373 158.30570962131918 176.6948880728633 307.91895718350025 250.4280597189269 3.6121764183044434 1.5527539253234863 1.5732382535934448 -8.94057559967041 1.3357375860214233 17.080158233642578 -1.5630472898483276 5.144427299499512
507 Car 0.0 0 -1.2621617317199707 324.16446385965554 160.99000335223425 469.7656104102709 253.08462424465085 3.8910670280456543 1.5638542175292969 1.5927988290786743 -4.207386493682861 1.1221797466278076 14.273913383483887 -1.548804759979248 6.730608940124512
507 Car 0.0 0 -1.0515036582946777 108.0457039611806 173.92446934613926 286.788849163255 259.6919700824435 3.7948226928710938 1.6180813312530518 1.6193207502365112 -8.856511116027832 1.3713996410369873 15.577224731445312 -1.5684809684753418 5.198277950286865
508 Car 0.0 0 -1.254112720489502 299.5209615719829 157.3442701001944 461.8090293905437 257.5551897627545 3.940721273422241 1.538492202758789 1.5891252756118774 -4.11767053604126 1.0832014083862305 13.110764503479004 -1.5584254264831543 6.675729751586914
508 Car 0.0 0 -0.9832507371902466 42.373421309608474 170.83931332868232 255.10564274448697 266.2983512201297 3.900644063949585 1.6499147415161133 1.648685097694397 -9.152666091918945 1.3705933094024658 14.501001358032227 -1.5462779998779297 5.161140441894531
509 Car 0.0 0 -1.2302660942077637 263.6542910837099 154.35091069550117 448.98017585598797 265.21558144066745 3.9728026390075684 1.557429313659668 1.633453607559204 -4.18499755859375 1.0987741947174072 12.179047584533691 -1.5612483024597168 7.34174108505249
509 Car 0.0 0 -0.9727883338928223 0.0 169.79802472003965 215.0473105456214 276.6048695923189 3.874917984008789 1.5738582611083984 1.6184555292129517 -8.932404518127441 1.3203775882720947 12.63464069366455 -1.588181734085083 4.963127613067627
510 Car 0.0 0 -1.1959837675094604 224.10662432113972 149.22697017940197 438.2599125027196 274.9563672797792 4.055711269378662 1.599043369293213 1.6475332975387573 -4.197361469268799 1.1186408996582031 11.26318645477295 -1.5527031421661377 7.421904563903809
510 Car 0.0 0 -0.8613758087158203 0.0 169.44374586731635 177.068948080522 297.0387036431101 3.7909350395202637 1.4816234111785889 1.56144380569458 -8.308335304260254 1.277761459350586 10.3385648727417 -1.5383236408233643 1.201454758644104
511 Car 0.0 0 -1.1882305145263672 165.1664435122603 144.11096573975445 418.57776730472136 289.44009731519066 4.265923500061035 1.6121971607208252 1.669255018234253 -4.242425441741943 1.1364110708236694 10.185722351074219 -1.5828856229782104 7.137589454650879
511 Car 0.0 0 -0.9217733144760132 0.0 161.69939554327527 164.06687835217159 260.0454341398109 3.793637752532959 1.5301951169967651 1.5901141166687012 -10.273414611816406 1.1365355253219604 13.187464714050293 -1.5835955142974854 2.0476958751678467
512 Car 0.0 0 -1.0985040664672852 112.96800814503746 145.3711311181207 405.14283983864215 302.54847651867897 4.024653911590576 1.6034077405929565 1.6616674661636353 -4.310000419616699 1.1787406206130981 9.443012237548828 -1.5266858339309692 6.716804027557373
512 Car 0.0 0 -0.052103638648986816 0.0 169.43178324106975 143.1709505516488 249.35835711725784 3.759880542755127 1.4673579931259155 1.5579833984375 -12.340961456298828 1.1448261737823486 15.149456024169922 -0.7356923818588257 0.8808200359344482
513 Car 0.0 0 -1.0776853561401367 28.764222323547486 139.76218024013895 380.0778598814265 322.5332418158776 4.104763031005859 1.60175359249115 1.67058527469635 -4.338702201843262 1.1877747774124146 8.42031478881836 -1.5534710884094238 6.069824695587158
514 Car 0.0 0 -1.0286955833435059 0.0 143.2605780124888 358.0721426956732 352.4617891580847 4.106881618499756 1.6455376148223877 1.6636346578598022 -4.431392192840576 1.3014914989471436 7.7756757736206055 -1.5466920137405396 5.204200744628906
515 Car 0.0 0 -0.9951881170272827 0.0 138.60139911000854 325.52945455677445 373.3375245310346 4.1806182861328125 1.6884195804595947 1.675281047821045 -4.67425012588501 1.3402961492538452 7.310785293579102 -1.5640497207641602 4.22019100189209
515 Car 0.0 0 -1.321488857269287 390.296817659018 173.22522674164082 482.83957558640134 234.56502778371106 3.7339751720428467 1.487436056137085 1.513668179512024 -4.81625509262085 1.1534099578857422 19.4527645111084 -1.5641953945159912 1.3585833311080933
516 Car 0.0 0 -1.0479016304016113 175.4027358830815 171.45838231279393 330.44615669046755 244.6507030893633 3.551830291748047 1.4674361944198608 1.5296367406845093 -8.10804271697998 1.155841588973999 16.35606575012207 -1.508120059967041 4.647112846374512
517 Car 0.0 0 -1.0265235900878906 148.59728462810878 172.32920606067952 310.2627693150996 247.82787598233335 3.634197235107422 1.5259913206100464 1.563916563987732 -8.710532188415527 1.2294628620147705 16.51396942138672 -1.5119006633758545 4.510740280151367
517 Car 0.0 0 -1.267972469329834 352.5950902034981 170.81312863127167 471.7531702371463 245.5516302533768 3.686159610748291 1.4640719890594482 1.4797743558883667 -4.467544078826904 1.1469831466674805 16.067943572998047 -1.5391634702682495 1.2650026082992554
518 Car 0.0 0 -0.9828791618347168 115.45934612675866 175.6121474168609 293.9997427203769 253.27489226338787 3.810232162475586 1.5310778617858887 1.6047954559326172 -9.095464706420898 1.306572675704956 16.254840850830078 -1.4930280447006226 4.449356555938721
518 Car 0.0 0 -1.2543272972106934 333.32954952552 170.87436597909036 463.9454730945948 252.3015681968406 3.4836580753326416 1.4522316455841064 1.4938644170761108 -4.341446399688721 1.164635419845581 14.693203926086426 -1.5416258573532104 3.5579581260681152
519 Car 0.0 0 -0.946138322353363 63.29852692292568 172.57458621949303 283.6084259539706 267.7353380291598 4.01680850982666 1.612245798110962 1.6396853923797607 -8.55850887298584 1.3678455352783203 14.355419158935547 -1.4837491512298584 4.398373126983643
519 Car 0.0 0 -1.2314224243164062 314.56516129409744 169.62862271028823 458.0396013049439 258.8498482633616 3.5171985626220703 1.463706612586975 1.4561229944229126 -4.247638702392578 1.178722858428955 13.679216384887695 -1.5325002670288086 2.299820899963379
520 Car 0.0 0 -0.9119347929954529 5.636842664941827 170.35975508191683 258.0474680562905 276.3095087223089 4.012510776519775 1.6116809844970703 1.6262977123260498 -8.490442276000977 1.3585537672042847 13.095837593078613 -1.4871361255645752 5.078243732452393
520 Car 0.0 0 -1.233902931213379 288.83934110602 166.69560830879294 448.13189569441425 264.85547840109166 3.4862661361694336 1.43148672580719 1.448750376701355 -4.094913005828857 1.1353833675384521 12.32758903503418 -1.5546103715896606 1.657523274421692
521 Car 0.0 0 -0.8787971138954163 0.0 173.44075518514498 224.406821592465 281.23097935564385 3.8358359336853027 1.5445051193237305 1.589063048362732 -8.70702838897705 1.350217342376709 12.362760543823242 -1.4923996925354004 4.36083984375
521 Car 0.0 0 -1.20855712890625 259.42416574304167 170.63315962525118 432.76854850982045 271.5046396959886 3.463484048843384 1.4287734031677246 1.5168660879135132 -4.340936660766602 1.1969486474990845 12.012507438659668 -1.5553232431411743 5.599397659301758
522 Car 0.0 0 -1.185662865638733 223.91774934151113 171.39980411781704 419.24147469491965 281.07436558304744 3.414384126663208 1.3807793855667114 1.4795891046524048 -4.242165565490723 1.1843762397766113 10.843818664550781 -1.5585651397705078 6.579024791717529
522 Car 0.0 0 -0.8708363175392151 0.0 176.309230781534 197.04046631288526 299.0147096524714 3.776277542114258 1.4999072551727295 1.5587172508239746 -8.246866226196289 1.3692271709442139 10.785012245178223 -1.5236538648605347 4.435629844665527
523 Car 0.0 0 -1.1775469779968262 177.71680309995116 172.28908330754064 400.29780473362615 295.7138211403497 3.4298789501190186 1.4113638401031494 1.543723225593567 -4.314611434936523 1.2431442737579346 10.015697479248047 -1.584307312965393 6.759790897369385
524 Car 0.0 0 -1.1559410095214844 119.0932616218355 172.49486346161677 383.1711824838946 309.79004133057697 3.67099666595459 1.4003920555114746 1.5777267217636108 -4.375072479248047 1.252441644668579 9.251042366027832 -1.5976970195770264 6.719880104064941
525 Car 0.0 0 -1.1440834999084473 52.00707276909308 173.96407836753812 358.1154798757929 329.80326291872376 3.7709579467773438 1.4144463539123535 1.5998412370681763 -4.468372344970703 1.2961281538009644 8.50831127166748 -1.6276695728302002 6.388474464416504
525 Car 0.0 0 -1.262771487236023 363.72112235284146 135.9933300737037 506.2404152406857 235.65878966165934 4.477343559265137 1.8887073993682861 1.730669379234314 -3.889073133468628 0.9221069812774658 16.033008575439453 -1.500741958618164 0.4787677824497223
526 Car 0.0 0 -1.028602123260498 0.0 171.1600597436004 340.2317121785873 357.03315853981377 3.6944704055786133 1.5080761909484863 1.578399658203125 -4.5168986320495605 1.3795592784881592 7.740409851074219 -1.5568366050720215 5.479978084564209
526 Car 0.0 0 -1.0875835418701172 260.57919674880003 173.41855074862366 376.0252165419698 229.2867764131707 3.6099987030029297 1.451060175895691 1.525631070137024 -8.490449905395508 1.0983104705810547 20.699190139770508 -1.476837158203125 0.7734123468399048
527 Car 0.0 0 -1.004969596862793 0.0 182.59357491931453 308.51642903026374 373.4332267676307 3.6004772186279297 1.4903334379196167 1.5235103368759155 -4.746700286865234 1.4559221267700195 7.46260929107666 -1.5714858770370483 5.303481101989746
527 Car 0.0 0 -1.1379904747009277 242.2465680425286 173.74262093633504 357.89821401223753 229.83074954354686 3.825169086456299 1.4441280364990234 1.5238901376724243 -8.951837539672852 1.1027839183807373 20.59661293029785 -1.547986626625061 1.0393236875534058
528 Car 0.0 0 -1.0009093284606934 0.0 188.3525667592264 266.676429770308 375.0 3.8245863914489746 1.5285632610321045 1.6015268564224243 -4.598426342010498 1.5436372756958008 6.113096237182617 -1.6458332538604736 2.8946738243103027
528 Car 0.0 0 -1.1255526542663574 218.76965241794701 175.9415563763361 343.63910588145154 233.696164399987 3.87154221534729 1.4198122024536133 1.5481237173080444 -9.086414337158203 1.1479566097259521 19.7700138092041 -1.5563660860061646 1.7443335056304932
529 Car 0.0 0 -1.1002111434936523 186.49507357388967 175.81497946042248 329.922248115191 240.48161199741406 3.940096378326416 1.4478521347045898 1.5854912996292114 -8.908452987670898 1.197425365447998 18.214828491210938 -1.5550822019577026 2.164584159851074
529 Car 0.0 0 0.6523516774177551 0.0 189.33623612364102 355.1293124908178 337.859469248153 3.8993608951568604 1.46436607837677 1.592390537261963 -5.2166056632995605 1.493639349937439 8.131322860717773 0.08194351196289062 0.44391053915023804
530 Car 0.0 0 -1.1443538665771484 150.64043825535148 177.86528404969835 300.3085080827533 247.0440399229957 3.955298900604248 1.4284050464630127 1.5555825233459473 -9.049775123596191 1.2397911548614502 16.992645263671875 -1.6337168216705322 2.4961931705474854
533 Car 0.0 0 -1.3734431266784668 450.2938047427116 164.16916929296113 535.0702712687449 227.25206381998672 3.5228257179260254 1.4658715724945068 1.4661468267440796 -3.182448625564575 0.9353463649749756 18.6285400390625 -1.542646884918213 2.134122610092163
534 Car 0.0 0 -1.324732780456543 443.65298059310476 167.08500885378743 530.3617742411338 227.34318719212644 3.8703768253326416 1.6145272254943848 1.6070326566696167 -3.8302793502807617 1.080935001373291 21.411531448364258 -1.501749038696289 3.1960792541503906
535 Car 0.0 0 -1.352914810180664 434.83106362326083 167.15116944487198 523.9477225864437 232.08783259868756 4.100790023803711 1.6634405851364136 1.621862530708313 -3.8941962718963623 1.1549859046936035 20.646970748901367 -1.539333462715149 4.02216911315918
536 Car 0.0 0 -1.37022066116333 425.03314637749656 166.6396026221442 517.0420534647113 234.26245681939582 3.860438823699951 1.6011916399002075 1.6160258054733276 -3.8151934146881104 1.1190928220748901 19.099918365478516 -1.5673750638961792 5.067403316497803
537 Car 0.0 0 -1.3828792572021484 413.5558581423294 167.2845348282705 512.8846309323259 239.49455470503628 3.8268823623657227 1.5347459316253662 1.6095503568649292 -3.628981590270996 1.1157150268554688 17.337217330932617 -1.5892176628112793 5.544581890106201
538 Car 0.0 0 -1.366305947303772 401.43346883858976 167.50595243723578 506.14316602414846 242.36162558281976 3.7748513221740723 1.5528563261032104 1.6256061792373657 -3.7578296661376953 1.14845871925354 16.938549041748047 -1.5846208333969116 5.810807228088379
539 Car 0.0 0 -1.3545207977294922 390.15200850970547 168.46372165701442 500.6011258737086 246.6296095761258 3.7858805656433105 1.5502007007598877 1.6078312397003174 -3.7877395153045654 1.1825857162475586 16.281198501586914 -1.5830998420715332 6.290279388427734
539 Car 0.0 0 -1.2855952978134155 279.34738408875387 174.64915518190742 375.2117642211927 229.80082372150395 3.915675163269043 1.5428695678710938 1.6841866970062256 -8.889039993286133 1.1973543167114258 22.310340881347656 -1.6647448539733887 4.222866058349609
540 Car 0.0 0 -1.3411870002746582 376.54965740524096 168.6218700403432 496.8952913317781 252.11665782025116 3.7889888286590576 1.5346579551696777 1.5973389148712158 -3.7020671367645264 1.1968626976013184 15.227380752563477 -1.5796791315078735 6.289839267730713
540 Car 0.0 0 -1.280350685119629 262.52459893972485 173.84436327270274 361.726565267046 233.70567127375804 3.827035903930664 1.6231002807617188 1.6835838556289673 -9.072391510009766 1.266393780708313 21.65021324157715 -1.6771657466888428 4.168752193450928
541 Car 0.0 0 -1.2981595993041992 357.8101541441602 168.3354539719967 491.05916833542847 256.2365187225958 3.737339496612549 1.5307948589324951 1.5921131372451782 -3.753657102584839 1.2057522535324097 14.50983715057373 -1.551307201385498 6.809563159942627
541 Car 0.0 0 -1.2072052955627441 237.4547209853334 174.39495566617768 351.06837481261937 237.55364355373968 3.7766733169555664 1.6048662662506104 1.6553655862808228 -9.006815910339355 1.2845712900161743 20.35208511352539 -1.6238465309143066 3.7499125003814697
541 Car 0.0 0 -1.099226474761963 242.10344499299063 175.61778632969754 359.33120173170107 234.71941584464025 3.652679920196533 1.5458225011825562 1.5808542966842651 -9.046195030212402 1.2481169700622559 20.834606170654297 -1.5088560581207275 2.7215733528137207
542 Car 0.0 0 -1.2864694595336914 332.09645887430025 165.83873037365078 486.3117889731101 263.4894651597223 3.9247772693634033 1.53264319896698 1.6448581218719482 -3.6844327449798584 1.2005138397216797 13.353716850280762 -1.5556820631027222 7.110267162322998
542 Car 0.0 0 -1.0941743850708008 213.2742808395991 174.0931242996476 343.53568036092474 239.29523561442306 3.747556209564209 1.5888721942901611 1.6244944334030151 -9.070934295654297 1.2743520736694336 19.574033737182617 -1.5281294584274292 3.0661845207214355
543 Car 0.0 0 -1.271049976348877 315.0897538770659 168.25033113115487 477.40386510080987 270.13009467222525 3.8117194175720215 1.5109046697616577 1.6077498197555542 -3.7069718837738037 1.232841968536377 12.669864654541016 -1.5556871891021729 7.621334075927734
543 Car 0.0 0 -1.0282920598983765 182.5188006845135 173.6563543156426 332.9580640325648 245.5368755060337 3.823171854019165 1.6150623559951782 1.629269003868103 -8.9487943649292 1.315247893333435 18.265108108520508 -1.4838588237762451 4.736756324768066
543 Car 0.0 0 -1.315915584564209 446.4854822134705 169.7790903042958 526.9237605974809 222.1480377186777 3.5657784938812256 1.5295683145523071 1.6534985303878784 -4.152422904968262 1.0265878438949585 23.016508102416992 -1.4944062232971191 1.2613368034362793
543 Car 0.0 0 -0.8028353452682495 0.0 175.77160587855283 152.2097736154587 329.4123270119419 4.451694488525391 1.7493367195129395 1.7511823177337646 -9.18953800201416 1.6214914321899414 10.521733283996582 -1.5207507610321045 0.4320121705532074
544 Car 0.0 0 -1.2567429542541504 283.4710291755985 166.4805240308181 469.469194508483 278.42878788372263 3.940126895904541 1.5113784074783325 1.6627898216247559 -3.7083206176757812 1.234351396560669 11.765353202819824 -1.5620765686035156 7.609941482543945
544 Car 0.0 0 -1.021969199180603 144.15213017928664 174.08434703404248 311.91016801074346 253.04724573266228 3.8500494956970215 1.61972975730896 1.635053277015686 -8.90191650390625 1.3547968864440918 16.844205856323242 -1.5081446170806885 5.258359432220459
544 Car 0.0 0 -1.3206920623779297 442.8887754222368 170.40870683411643 522.2992274148992 222.96609267823416 3.5840396881103516 1.5129400491714478 1.5938539505004883 -4.224926948547363 1.0353357791900635 22.711217880249023 -1.5046178102493286 1.9136652946472168
545 Car 0.0 0 -1.2434592247009277 259.02815246012307 165.8969634323927 461.3657774410308 289.8542540095922 3.937716484069824 1.5314257144927979 1.619755744934082 -3.650080442428589 1.2707090377807617 10.930001258850098 -1.5657652616500854 7.568009853363037
545 Car 0.0 0 -0.9770956039428711 104.53746496189939 174.82877469340485 295.83917488946827 259.9996364709603 3.8574094772338867 1.581842064857483 1.6195019483566284 -8.713374137878418 1.3557910919189453 15.452699661254883 -1.4905281066894531 5.01753044128418
545 Car 0.0 0 -1.2840704917907715 432.8827647213971 168.86568781702283 521.7906541139924 225.6332776135253 3.630593776702881 1.553175449371338 1.6393269300460815 -4.18341588973999 1.057016134262085 21.722225189208984 -1.4743280410766602 1.7879618406295776
546 Car 0.0 0 -1.214773178100586 214.49991867145394 164.6573592493369 449.0093643307952 297.3194135777752 3.974555492401123 1.4953012466430664 1.6894044876098633 -3.72680401802063 1.2434660196304321 10.163039207458496 -1.566248893737793 7.299859523773193
546 Car 0.0 0 -1.3835763931274414 428.8187175890077 170.04639211548186 511.17479675999317 227.46931022700787 3.5822958946228027 1.4666134119033813 1.6055954694747925 -4.11553430557251 1.0336087942123413 20.31827163696289 -1.5834258794784546 4.194108486175537
546 Car 0.0 0 -0.9195457100868225 59.99791375254413 173.00318332109237 274.65628927342647 262.9596058844755 3.882730007171631 1.566266655921936 1.626862645149231 -8.877847671508789 1.322562575340271 14.640022277832031 -1.4646646976470947 3.3130106925964355
547 Car 0.0 0 -1.2061076164245605 166.77113204153525 161.48921257273489 437.47371016908437 318.2493841683325 3.985901355743408 1.5171366930007935 1.6631053686141968 -3.587244749069214 1.270241379737854 9.020922660827637 -1.584593653678894 6.753863334655762
547 Car 0.0 0 -1.3979004621505737 420.08852985187525 168.38409430024743 506.11824152411486 229.9799247138717 3.6814699172973633 1.4781197309494019 1.6062887907028198 -4.0717644691467285 1.0313924551010132 19.266082763671875 -1.6061792373657227 4.997087001800537
547 Car 0.0 0 -0.9096933007240295 3.8313964325895578 174.50255297226613 237.11449637628402 269.63362440510406 3.8620424270629883 1.5598942041397095 1.6129369735717773 -9.267027854919434 1.3549696207046509 13.872339248657227 -1.498633623123169 4.610074996948242
548 Car 0.0 0 -1.3628439903259277 411.7210934017534 167.8794680976108 503.8007345559444 233.03592784563688 3.5433878898620605 1.489202618598938 1.5572668313980103 -4.0055766105651855 1.0521876811981201 18.34774398803711 -1.5777859687805176 5.471860885620117
548 Car 0.0 0 -1.175490379333496 98.29820974983365 158.62888352551192 421.91963222796096 335.6675130080348 4.013960838317871 1.4768261909484863 1.672381043434143 -3.560537815093994 1.2401591539382935 8.071321487426758 -1.5909472703933716 6.038060188293457
548 Car 0.0 0 -0.8102040886878967 0.0 173.60282015893017 212.2461962394832 283.9540996274275 3.773106336593628 1.5031986236572266 1.5669456720352173 -8.686254501342773 1.3207030296325684 11.84712028503418 -1.4428632259368896 1.3736207485198975
549 Car 0.0 0 -1.3742165565490723 399.33330974259434 166.2505600890117 498.8300116456574 237.24562188123954 3.619100570678711 1.5048269033432007 1.598531723022461 -3.9408161640167236 1.0650172233581543 17.199155807495117 -1.599457025527954 6.058689594268799
549 Car 0.0 0 -1.1209516525268555 12.608210393912858 150.2381244896121 408.77897716812333 367.84512409421325 4.0982818603515625 1.5697990655899048 1.6768507957458496 -3.555769443511963 1.3046019077301025 7.282918930053711 -1.5751423835754395 5.320529460906982
550 Car 0.0 0 -1.3397836685180664 387.7790234462047 166.76441072169754 494.9694588373122 240.54415455337505 3.542072057723999 1.500846028327942 1.579348087310791 -3.9509694576263428 1.0892086029052734 16.522262573242188 -1.5745059251785278 6.416948318481445
550 Car 0.0 0 -1.060948371887207 0.0 157.46813969214088 384.19519087859254 375.0 3.7844834327697754 1.5307483673095703 1.6016490459442139 -3.6191961765289307 1.3359036445617676 6.686508655548096 -1.5570632219314575 4.730219841003418
551 Car 0.0 0 -1.3532137870788574 375.23154397323987 168.02373902244366 487.8470197362293 244.63963777301998 3.621030569076538 1.4738366603851318 1.6009728908538818 -3.9703404903411865 1.1087961196899414 15.779670715332031 -1.5997081995010376 6.4680352210998535
551 Car 0.0 0 -0.9900741577148438 0.0 156.2090800710852 360.4166283052422 375.0 3.7018866539001465 1.5273945331573486 1.5704984664916992 -3.525306224822998 1.3656505346298218 5.678552627563477 -1.5456552505493164 3.933194160461426
552 Car 0.0 0 -1.3344359397888184 358.36885965349296 169.4447473854927 483.3880324590197 250.63609382989458 3.735689163208008 1.4615983963012695 1.620706558227539 -3.950120687484741 1.1455705165863037 14.936887741088867 -1.5929715633392334 6.838261127471924
552 Car 0.0 0 -0.9535312056541443 0.0 157.61942692003257 310.994875278358 375.0 4.520733833312988 1.8483444452285767 1.7723525762557983 -4.224424839019775 1.711219310760498 5.664360046386719 -1.5943326950073242 1.8445942401885986
552 Car 0.0 0 -1.0397214889526367 290.8250352308777 172.29299223064348 362.8971039252125 205.27181471890756 3.7702651023864746 1.4886319637298584 1.4872162342071533 -13.967018127441406 0.8247719407081604 34.70055389404297 -1.4223823547363281 0.44788658618927
552 Car 0.0 0 -0.9536876678466797 185.45237099633889 171.3584055157325 336.36006975520746 238.02859490650383 3.763584613800049 1.5417999029159546 1.5972050428390503 -9.121864318847656 1.1800758838653564 18.75350570678711 -1.4064030647277832 0.4691343605518341
552 Car 0.0 0 -0.9572553038597107 0.0 148.19269380379046 316.99870410520185 375.0 4.222265243530273 1.599771499633789 1.7117007970809937 -3.796769142150879 1.4439761638641357 5.04754638671875 -1.602163553237915 0.612480878829956
553 Car 0.0 0 -1.2968416213989258 339.7093593699225 168.68457532215726 475.85648382125476 255.9695496109065 3.672543525695801 1.5004392862319946 1.60868501663208 -4.023026943206787 1.185594916343689 14.299498558044434 -1.5710928440093994 6.900178909301758
553 Car 0.0 0 -1.0470924377441406 168.3163253640932 172.84085626010358 317.3278988753108 244.00002457911964 3.5535459518432617 1.5040620565414429 1.5335291624069214 -8.749510765075684 1.2047860622406006 17.138214111328125 -1.5191256999969482 5.175476551055908
553 Car 0.0 0 -1.0865135192871094 282.6021559245473 172.42962352602237 353.3277681259626 205.83057873328673 3.714085102081299 1.4826236963272095 1.5086536407470703 -14.142618179321289 0.8358641862869263 34.100154876708984 -1.4796597957611084 1.0691194534301758
553 Car 0.0 0 -0.9832625985145569 0.0 189.64079407585942 356.05072969012633 375.0 4.33103609085083 1.6120206117630005 1.7287700176239014 -3.896878957748413 1.6420519351959229 6.065401554107666 -1.554330825805664 0.7665562629699707
554 Car 0.0 0 -1.284705638885498 321.8808145141944 169.12096849996124 467.9745320586438 260.67283031869493 3.5962023735046387 1.485921859741211 1.625375747680664 -4.039968967437744 1.1957383155822754 13.567950248718262 -1.5741045475006104 7.16407585144043
554 Car 0.0 0 -1.0367445945739746 146.17070445400543 171.78864969274724 305.15268125230506 247.57558399313868 3.6263909339904785 1.5528112649917603 1.5677402019500732 -8.900557518005371 1.2411433458328247 16.701030731201172 -1.5263915061950684 5.264301300048828
554 Car 0.0 0 -1.0436863899230957 269.6886350962161 171.11264850495883 352.0684768122629 207.729336499776 3.928244113922119 1.521082878112793 1.5944572687149048 -13.631887435913086 0.8611111640930176 32.1662483215332 -1.444535732269287 1.9520893096923828
555 Car 0.0 0 -1.2759032249450684 300.49363295197395 168.47000128037496 459.608152618301 267.160105545074 3.6612157821655273 1.4923268556594849 1.6302157640457153 -4.044134140014648 1.2121284008026123 12.802624702453613 -1.5818673372268677 7.435102462768555
555 Car 0.0 0 -1.0106329917907715 119.40541506771338 172.4114482112396 294.9484387349064 253.71929475077678 3.7697176933288574 1.5866789817810059 1.597438931465149 -8.93996524810791 1.3019912242889404 16.072364807128906 -1.5182483196258545 5.191030979156494
555 Car 0.0 0 -1.087815761566162 264.87367379913155 171.29020805570661 341.6552854171072 207.26512804847056 3.7400245666503906 1.5047303438186646 1.564257025718689 -14.014368057250977 0.8476336598396301 32.24717330932617 -1.4977829456329346 1.7471407651901245
556 Car 0.0 0 -1.2617120742797852 277.74097988777 168.61568736451167 448.81202017366223 273.8320684679759 3.613393783569336 1.4938271045684814 1.6251696348190308 -4.082841873168945 1.232812762260437 12.1129150390625 -1.5868175029754639 7.467508316040039
556 Car 0.0 0 -0.9546647071838379 89.05018867093801 172.49895310967145 280.0220426417178 256.5849223773313 3.889284133911133 1.619753122329712 1.633494257926941 -9.359353065490723 1.3404185771942139 15.973575592041016 -1.4846723079681396 4.626594543457031
557 Car 0.0 0 -1.2357066869735718 246.99259644279687 166.87991689355644 441.2692657597642 282.23196475143317 3.719322681427002 1.490335464477539 1.6222552061080933 -4.03227424621582 1.2303862571716309 11.23432445526123 -1.5803098678588867 7.385519504547119
557 Car 0.0 0 -0.9330940246582031 53.3543717932112 170.5093496390412 271.61419189093897 263.8578245371253 4.1388444900512695 1.6787347793579102 1.699600338935852 -9.287423133850098 1.3821747303009033 15.174633026123047 -1.4823166131973267 3.564159870147705
558 Car 0.0 0 -1.2050671577453613 214.4000190291311 166.6507504499755 425.63256249870386 292.73597813681414 3.5771336555480957 1.5228726863861084 1.6083086729049683 -4.11126708984375 1.2770919799804688 10.549992561340332 -1.5766574144363403 7.374319076538086
558 Car 0.0 0 -0.8835840225219727 0.0 162.90856676631597 267.9754653198755 276.7731969984964 4.230923175811768 1.7108993530273438 1.7194819450378418 -8.437052726745605 1.3489079475402832 13.093814849853516 -1.4559799432754517 2.285524606704712
559 Car 0.0 0 -1.2008247375488281 167.7852655944869 165.2746961553163 407.71672967483767 305.2606458601859 3.67051362991333 1.5150585174560547 1.6288803815841675 -4.147717475891113 1.2799270153045654 9.708440780639648 -1.6045809984207153 6.962124347686768
560 Car 0.0 0 -1.1396045684814453 117.07845032473757 163.60143660210633 391.69456618427023 316.62504676786807 3.6013216972351074 1.5155351161956787 1.6007822751998901 -4.195651531219482 1.2837973833084106 8.985591888427734 -1.5764487981796265 6.587395668029785
560 Car 0.0 0 -1.1354126930236816 339.49733388715197 171.16779969479745 417.946491316671 212.79720737460454 3.49894380569458 1.457177758216858 1.4432902336120605 -8.981054306030273 0.9029942750930786 27.19936752319336 -1.4543347358703613 1.3180574178695679
561 Car 0.0 0 -1.108444094657898 36.94958512239882 160.09260793450605 369.291156202208 339.4059657585951 3.754732608795166 1.5403671264648438 1.6150503158569336 -4.2411208152771 1.3092228174209595 8.120427131652832 -1.5897549390792847 5.926804542541504
561 Car 0.0 0 -1.337831974029541 410.43629467208706 175.3356529550152 490.10443836120766 228.06987001712807 3.4331870079040527 1.4560174942016602 1.5630316734313965 -5.010313034057617 1.133959174156189 21.739442825317383 -1.564347743988037 1.9014893770217896
561 Car 0.0 0 -1.1629447937011719 329.6309568547745 169.94761871523423 411.33264376589983 214.40504959664594 3.552238941192627 1.4759111404418945 1.460898518562317 -8.834151268005371 0.9098010659217834 25.89734649658203 -1.49168860912323 1.3034306764602661
561 Car 0.0 0 -1.2395620346069336 321.7663677852336 170.31712642443657 405.06797117675035 216.98523120949537 3.665121555328369 1.4804675579071045 1.571955919265747 -8.701390266418457 0.9512313008308411 24.83673667907715 -1.576542854309082 1.350547194480896
561 Car 0.0 0 -1.147721767425537 470.202230268655 171.27827027806978 548.5507641928614 213.86176412913107 3.8100199699401855 1.548549771308899 1.6040529012680054 -4.267995357513428 0.9768286943435669 28.415918350219727 -1.296804666519165 0.6791821718215942
562 Car 0.0 0 -1.0569605827331543 0.0 163.14769775678238 353.23015947243715 362.1903275114043 3.7610361576080322 1.538667917251587 1.5910536050796509 -4.245479583740234 1.3542814254760742 7.486686706542969 -1.572815179824829 5.246405601501465
562 Car 0.0 0 -1.1550965309143066 313.25825347167597 168.39144143123528 403.30609081983783 217.02959745744346 3.5637459754943848 1.4939558506011963 1.4924134016036987 -8.609541893005371 0.9223806262016296 24.100465774536133 -1.4982025623321533 2.580805778503418
562 Car 0.0 0 -1.3417015075683594 401.33664452417645 174.59241952228095 483.89157062032166 229.23441436002568 3.423121213912964 1.4339323043823242 1.5436031818389893 -4.9916534423828125 1.1083287000656128 20.74287223815918 -1.5778555870056152 1.5851659774780273
562 Car 0.0 0 -1.1679344177246094 464.9081795871465 170.01973623573505 545.5471173630157 214.56880381976623 3.7714200019836426 1.505957007408142 1.5497528314590454 -4.126583576202393 0.9319484233856201 26.52690315246582 -1.3222596645355225 0.4148869812488556
563 Car 0.0 0 -1.0368843078613281 0.0 161.55055817949736 318.5150421537784 375.0 3.742372989654541 1.5204408168792725 1.5818474292755127 -4.241703987121582 1.3567731380462646 6.563777923583984 -1.6106040477752686 4.012094020843506
563 Car 0.0 0 -1.1945056915283203 299.7946622680258 168.36297756829654 393.17563626509565 218.3060914308779 3.7745299339294434 1.5166597366333008 1.5933868885040283 -8.919669151306152 0.9506953954696655 23.91921043395996 -1.5514411926269531 2.523890495300293
563 Car 0.0 0 -1.0837879180908203 306.2400106047293 167.78888809815675 402.7851851589394 216.02561847513206 3.6418869495391846 1.5103038549423218 1.5415117740631104 -8.916071891784668 0.9087992310523987 24.610591888427734 -1.431365728378296 2.0310986042022705
563 Car 0.0 0 -1.3246240615844727 389.88006689851267 173.86234737318512 481.7701736941006 233.3833117235917 3.475865364074707 1.437485933303833 1.5477752685546875 -4.7931437492370605 1.1201995611190796 19.249204635620117 -1.568665862083435 2.474074602127075
564 Car 0.0 0 -1.2995591163635254 377.7507916421168 173.81165785120197 475.7647287457261 235.11491008895723 3.4732108116149902 1.4317532777786255 1.5489583015441895 -4.875672817230225 1.1237361431121826 18.68149757385254 -1.5548536777496338 4.145852565765381
564 Car 0.0 0 -0.8090896010398865 140.55919445398766 165.92268290702688 265.9365919985418 212.20579812019042 3.93744158744812 1.5346932411193848 1.6509933471679688 -14.901805877685547 0.8357943892478943 26.150182723999023 -1.3270485401153564 1.9382869005203247
564 Car 0.0 0 -0.9550738334655762 0.0 154.8056147438029 300.03645565161406 375.0 3.9325966835021973 1.5691719055175781 1.6362521648406982 -3.964240789413452 1.4238814115524292 5.261817455291748 -1.6007459163665771 2.895249366760254
564 Car 0.0 0 -1.067126750946045 296.0407688329655 167.57477994510623 395.9483748303192 216.17724372503088 3.6856491565704346 1.495483160018921 1.5240119695663452 -9.060750007629395 0.8977749943733215 24.24237060546875 -1.4248069524765015 1.2224280834197998
564 Car 0.0 0 -1.164994716644287 288.53680659931575 167.70958005353407 388.02247106932396 219.27138315262016 3.7271430492401123 1.51865816116333 1.6199651956558228 -8.923949241638184 0.9504942893981934 23.247743606567383 -1.531512975692749 0.8680457472801208
564 Car 0.0 0 -1.1837897300720215 457.7881000829649 168.99229687548643 542.6326918283361 216.53339532121828 3.848395824432373 1.5186331272125244 1.5620732307434082 -4.083220481872559 0.9434025287628174 25.209802627563477 -1.3443647623062134 0.42330795526504517
565 Car 0.0 0 -1.3051338195800781 364.1796078749156 173.67987398517303 470.0366221725857 241.07085161721258 3.483797311782837 1.4295505285263062 1.5255070924758911 -4.676159858703613 1.1469935178756714 17.122074127197266 -1.5717394351959229 5.715134143829346
565 Car 0.0 0 -1.0085887908935547 123.96415799830021 166.18912775375085 249.11483499392472 217.24976069737272 3.9294681549072266 1.5163509845733643 1.62603759765625 -13.909039497375488 0.8983291387557983 23.517440795898438 -1.5426867008209229 2.8989205360412598
565 Car 0.0 0 -1.0403647422790527 287.0437839872962 167.69492686608615 390.10472407541397 217.1458949573813 3.5443778038024902 1.4770536422729492 1.523676872253418 -9.033636093139648 0.900429368019104 23.52804183959961 -1.4069604873657227 1.121538758277893
565 Car 0.0 0 -1.2394299507141113 457.51996224850564 170.7484668918364 531.4556034716145 216.2768903557892 3.5213782787323 1.488633632659912 1.4952964782714844 -4.360771656036377 0.9572605490684509 25.563875198364258 -1.4083870649337769 0.668464720249176
565 Car 0.0 0 -1.226719856262207 279.54354227948187 169.03551136132154 375.22526812921024 222.07518549421238 3.6105213165283203 1.4910539388656616 1.579102873802185 -8.859890937805176 0.9860353469848633 22.21358299255371 -1.6062345504760742 0.9276453256607056
565 Car 0.0 0 -0.9895095825195312 0.0 188.25594176019422 346.560347472641 375.0 4.059268474578857 1.5115656852722168 1.6806029081344604 -3.763350248336792 1.5249788761138916 5.712243556976318 -1.5720614194869995 0.711749255657196
566 Car 0.0 0 -0.9954437613487244 103.62109799969595 166.23102652170576 234.96593505349526 217.91349978407288 4.0843024253845215 1.5372766256332397 1.6657508611679077 -14.521007537841797 0.9195109605789185 23.62688446044922 -1.5465271472930908 3.512371063232422
566 Car 0.0 0 -1.0522527694702148 270.50297685688804 169.29909106650325 381.5909473861096 222.27844764906214 3.5990257263183594 1.4747027158737183 1.5398703813552856 -8.834634780883789 0.9819904565811157 22.069120407104492 -1.4330320358276367 2.82073712348938
566 Car 0.0 0 -1.2692217826843262 351.43731546493706 173.33046891348323 464.0370467701943 244.76178951155407 3.365873336791992 1.4213855266571045 1.4482638835906982 -4.60310173034668 1.1493805646896362 16.12618637084961 -1.5472702980041504 3.7580678462982178
566 Car 0.0 0 -1.2151694297790527 450.59679480972375 170.99418939623934 535.7085283409893 221.01339873033027 3.7520155906677246 1.5017534494400024 1.5230177640914917 -4.07201623916626 1.0212024450302124 23.751733779907227 -1.3849595785140991 0.7985514998435974
566 Car 0.0 0 -1.227663516998291 265.1333748197425 170.03378217120863 366.91752351124035 224.06023685434818 3.764164924621582 1.4834703207015991 1.638749361038208 -9.031913757324219 1.0176081657409668 21.827552795410156 -1.6199967861175537 0.5386443138122559
567 Car 0.0 0 -1.2560926675796509 336.1434061299066 174.89943044877245 457.83210681832674 250.68159056895593 3.3336994647979736 1.4260907173156738 1.4767451286315918 -4.586925029754639 1.1983786821365356 15.327461242675781 -1.5468721389770508 6.1772661209106445
567 Car 0.0 0 -0.9451713562011719 81.0087248103854 165.97507770453274 222.1074687849553 220.43622828241016 4.068051338195801 1.5656003952026367 1.664754033088684 -14.632142066955566 0.9611947536468506 22.920368194580078 -1.5133417844772339 3.79062819480896
567 Car 0.0 0 -1.0262455940246582 260.0616615704224 170.2317769355874 374.6805935632545 222.65129310103978 3.6749801635742188 1.4732263088226318 1.565007209777832 -9.194513320922852 1.0019631385803223 22.311643600463867 -1.4171348810195923 2.259542226791382
567 Car 0.0 0 -1.1366677284240723 249.9682396543893 170.49100855451914 362.71999324209037 225.7824478502387 3.65765118598938 1.4902771711349487 1.6533948183059692 -9.130419731140137 1.045308232307434 21.394643783569336 -1.540029764175415 1.0565288066864014
567 Car 0.0 0 -1.2619719505310059 446.2058840629072 173.55975289576546 527.1214399201478 221.90243455638412 3.5970258712768555 1.480595588684082 1.6164278984069824 -4.353899002075195 1.0689599514007568 24.09303855895996 -1.4407544136047363 0.5320609211921692
568 Car 0.0 0 -1.2534661293029785 320.1626769931447 175.2256239758158 450.97366601147934 256.53404657196444 3.335066795349121 1.4348273277282715 1.4925044775009155 -4.53978157043457 1.2270481586456299 14.471372604370117 -1.5574508905410767 6.799465656280518
568 Car 0.0 0 -0.9133371114730835 56.20381372899431 166.8737552497118 213.21558869239811 224.34631133074026 4.185110569000244 1.5478943586349487 1.6753780841827393 -14.3042573928833 1.0058391094207764 21.675334930419922 -1.4966630935668945 3.4663610458374023
568 Car 0.0 0 -0.9683704376220703 244.46774022289597 170.05641150387163 371.78288161144036 225.21766031696134 3.7934072017669678 1.501394271850586 1.6340066194534302 -9.22458553314209 1.0402189493179321 21.755287170410156 -1.3694071769714355 1.2345658540725708
568 Car 0.0 0 -1.3345518112182617 440.74409852401766 172.5562906836361 517.8663097744834 223.20725184955344 3.6613829135894775 1.4836862087249756 1.5867888927459717 -4.404202938079834 1.0605958700180054 23.103782653808594 -1.522918701171875 1.5510421991348267
569 Car 0.0 0 -1.242837905883789 298.2654673409916 172.3774222070079 444.31266250935187 259.936382418665 3.457597494125366 1.421326994895935 1.5071479082107544 -4.468315124511719 1.1839616298675537 13.503995895385742 -1.562386393547058 6.013322353363037
569 Car 0.0 0 -0.8839550614356995 31.43529501363698 165.97899068030256 197.27054362451997 225.75887294000492 4.193683624267578 1.5677050352096558 1.6759700775146484 -14.550800323486328 1.0164369344711304 21.17332649230957 -1.4860544204711914 3.049172878265381
569 Car 0.0 0 -0.9902063012123108 227.90143683491033 170.09516056696532 362.9028529782514 229.80859469401616 3.717705488204956 1.4865049123764038 1.610695481300354 -8.816308975219727 1.065676212310791 20.014564514160156 -1.4051275253295898 1.8557761907577515
569 Car 0.0 0 -1.362309455871582 435.9547386898537 173.37320931840307 513.7576059595201 226.13169443891357 3.786656379699707 1.4878181219100952 1.5874707698822021 -4.3889055252075195 1.1035351753234863 22.350345611572266 -1.5562108755111694 1.4273253679275513
570 Car 0.0 0 -1.240427017211914 280.0152449184065 173.92937498011267 432.50943668808793 266.57533672905396 3.2907772064208984 1.4159373044967651 1.4978318214416504 -4.466423511505127 1.216174840927124 12.731157302856445 -1.5778377056121826 7.287301063537598
570 Car 0.0 0 -0.8272614479064941 0.0 164.7960365065067 179.67998622469403 228.79623234100077 4.156457901000977 1.5722382068634033 1.668973445892334 -14.412970542907715 1.026772379875183 19.97294807434082 -1.4523537158966064 3.544696569442749
570 Car 0.0 0 -1.0305113792419434 210.13933731369573 168.77689061377615 343.9466592672044 231.4450299481516 3.5373189449310303 1.4949157238006592 1.5830892324447632 -8.910691261291504 1.0602129697799683 19.136280059814453 -1.4662983417510986 2.9195313453674316
570 Car 0.0 0 -1.3279085159301758 429.10687660986997 172.61056442988377 512.0518267725688 226.98439923143414 3.6853981018066406 1.4909926652908325 1.5829877853393555 -4.395462512969971 1.0964179039001465 21.75596809387207 -1.5272598266601562 2.074669122695923
571 Car 0.0 0 -1.246511459350586 253.91264304374516 172.91893650815743 421.6293679272618 273.21743684318716 3.414055347442627 1.4241950511932373 1.5450540781021118 -4.489605903625488 1.224250078201294 12.026399612426758 -1.603801965713501 7.313046932220459
571 Car 0.0 0 -0.5615655183792114 0.0 163.09508778732365 170.7189058639849 232.33619458200752 3.9990406036376953 1.6002697944641113 1.6375309228897095 -14.191587448120117 1.0477900505065918 18.916166305541992 -1.2052175998687744 3.6580095291137695
571 Car 0.0 0 -1.329699993133545 418.50904024569536 172.50426545690314 504.2338530893305 229.07546165852517 3.582857608795166 1.4855769872665405 1.5838810205459595 -4.472498416900635 1.1049145460128784 20.85319709777832 -1.540974736213684 4.019730091094971
571 Car 0.0 0 -1.005129337310791 194.55543000222315 168.81925701027725 333.1232100389047 232.3659847666993 3.520750045776367 1.4919116497039795 1.5791661739349365 -9.11996078491211 1.065075159072876 18.86082649230957 -1.4555222988128662 0.7885701656341553
572 Car 0.0 0 -1.205070972442627 232.20534989366982 174.3604277181866 412.2345673029424 280.1031919163199 3.3444972038269043 1.4341158866882324 1.507173776626587 -4.527662754058838 1.2626941204071045 11.51175308227539 -1.579795002937317 7.324106216430664
572 Car 0.0 0 -0.28903061151504517 0.0 165.3335213749193 154.8286752305449 236.25540580012083 3.9579572677612305 1.6063265800476074 1.6185979843139648 -14.424803733825684 1.1155973672866821 18.50198745727539 -0.9512302279472351 2.744158983230591
572 Car 0.0 0 -1.3891968727111816 411.77417585559976 174.58720093636308 496.8279503041201 231.98248991261403 3.887012243270874 1.4751300811767578 1.6629879474639893 -4.608242988586426 1.1561057567596436 20.60761833190918 -1.6091959476470947 2.22525691986084
572 Car 0.0 0 -1.0395689010620117 169.43223715926752 169.63531885064427 316.0640587996601 237.83821454350013 3.5847764015197754 1.5048826932907104 1.5829135179519653 -9.115243911743164 1.121734619140625 17.832901000976562 -1.5120947360992432 0.9951969385147095
573 Car 0.0 0 -1.191063404083252 202.52031392340612 175.11592570483793 400.1868754776281 289.5269538382315 3.308464288711548 1.4306204319000244 1.515268087387085 -4.497213840484619 1.2820193767547607 10.732586860656738 -1.5878616571426392 7.30901575088501
573 Car 0.0 0 -1.3825736045837402 402.21978917556703 174.18100275970872 490.78349030448635 235.0468542121434 3.7779364585876465 1.4926364421844482 1.6431163549423218 -4.610827922821045 1.1782712936401367 19.701223373413086 -1.6124733686447144 4.1935954093933105
573 Car 0.0 0 0.05101215839385986 0.0 168.40808867745943 131.08159410879185 237.22154392439504 3.7317495346069336 1.529548168182373 1.5564045906066895 -14.32167911529541 1.1162972450256348 17.838407516479492 -0.6254681348800659 1.690479040145874
573 Car 0.0 0 -0.9514874219894409 160.09802386169508 170.9976355345073 306.8938448567665 230.02115282126513 3.9592692852020264 1.4950250387191772 1.6406828165054321 -10.721631050109863 1.0896961688995361 20.43663215637207 -1.4346429109573364 1.595441222190857
574 Car 0.0 0 -1.1696248054504395 165.89773314592097 174.29795354625222 389.0204689452941 299.6212753764918 3.383307695388794 1.4405258893966675 1.5404258966445923 -4.487802505493164 1.2945225238800049 10.039715766906738 -1.5899852514266968 7.149664402008057
574 Car 0.0 0 -0.06240439414978027 0.0 165.88218554351135 114.27794696263656 238.87561369276068 3.911001682281494 1.5928535461425781 1.623383641242981 -14.905486106872559 1.1320232152938843 17.75719451904297 -0.7607155442237854 1.2133127450942993
574 Car 0.0 0 -0.954984188079834 144.60205421167953 171.2024844943595 290.89267692611793 229.64169543673765 3.943258762359619 1.487985372543335 1.622527003288269 -11.206799507141113 1.0857473611831665 20.51239776611328 -1.4550151824951172 1.4632490873336792
574 Car 0.0 0 -1.3367228507995605 394.7433770026423 173.91904763879697 491.82189646962445 236.69671857148253 3.8321261405944824 1.4933857917785645 1.6269996166229248 -4.555973529815674 1.1822097301483154 19.163463592529297 -1.5701323747634888 1.8262131214141846
575 Car 0.0 0 -1.1565756797790527 125.01154847709893 175.21045404213604 373.17952560258993 311.2625051516283 3.449725866317749 1.4350731372833252 1.5407296419143677 -4.51446533203125 1.3107173442840576 9.397161483764648 -1.604426622390747 7.025390148162842
575 Car 0.0 0 -1.3272910118103027 387.2516672361951 175.4792564617258 486.5300055370895 238.72913134766594 3.7513420581817627 1.4621851444244385 1.5955802202224731 -4.591696262359619 1.1958532333374023 18.63768196105957 -1.5688468217849731 3.638301372528076
575 Car 0.0 0 -0.9319377541542053 122.28031975906906 169.27306526146882 285.84565598807313 233.94036229995385 4.06545877456665 1.5240648984909058 1.6366651058197021 -10.815998077392578 1.1062803268432617 19.206287384033203 -1.4448199272155762 2.2133255004882812
575 Car 0.0 0 -0.615144670009613 230.7635385560688 167.32180439898775 339.5751205726173 205.29191757714258 4.030483245849609 1.5103944540023804 1.6054972410202026 -14.230937004089355 0.7276251912117004 30.98591423034668 -1.0456817150115967 1.0438251495361328
575 Car 0.0 0 0.608234703540802 0.0 164.7754375508205 93.81837178252584 243.77354434199657 3.970313310623169 1.6187376976013184 1.6352440118789673 -14.19017219543457 1.1633377075195312 15.905838012695312 -0.12021869421005249 0.6978923082351685
576 Car 0.0 0 -1.087559700012207 78.54687300208978 176.6152248381059 358.0466643552654 324.133026732121 3.4100656509399414 1.4551823139190674 1.5101970434188843 -4.587823390960693 1.3527421951293945 8.860962867736816 -1.5653115510940552 6.600492000579834
576 Car 0.0 0 -1.3282814025878906 371.90457990621786 173.84146848879232 479.6631018609216 243.2595662393285 3.723337173461914 1.468269944190979 1.5981227159500122 -4.481986045837402 1.1899523735046387 17.206104278564453 -1.5831066370010376 5.214326858520508
576 Car 0.0 0 -0.4954642653465271 218.63801217692597 167.88076578636642 331.1586365520006 205.52411199722698 4.0377960205078125 1.4994008541107178 1.6601351499557495 -14.68773078918457 0.7378480434417725 30.99725341796875 -0.9379655718803406 1.652274489402771
576 Car 0.0 0 -0.9435572624206543 95.77673223941986 169.78192766150914 273.4674345465293 239.97871057618835 4.0508131980896 1.5084213018417358 1.6201800107955933 -10.38749885559082 1.1384313106536865 17.672975540161133 -1.4749294519424438 2.1306276321411133
577 Car 0.0 0 -1.0281190872192383 0.0 172.9494569635455 344.2993834365395 348.5303667068323 3.656738758087158 1.5268803834915161 1.5560712814331055 -4.621586799621582 1.4046945571899414 8.153510093688965 -1.543785572052002 6.014554023742676
577 Car 0.0 0 -1.2881603240966797 362.015104442431 174.30837362952747 477.9073582663203 248.37027151769993 3.5828776359558105 1.4787395000457764 1.5464264154434204 -4.362027168273926 1.2253351211547852 16.282917022705078 -1.5499043464660645 5.34562873840332
577 Car 0.0 0 -0.9482560157775879 198.26696730513282 167.99912909651425 313.2660270613037 211.3380748581584 4.122992992401123 1.4890245199203491 1.7521268129348755 -13.475423812866211 0.836199164390564 27.08480453491211 -1.4099233150482178 1.198101282119751
578 Car 0.0 0 -1.2682256698608398 339.98480975918267 174.35689927772822 470.9890154758423 251.78575814985246 3.8031928539276123 1.4559664726257324 1.6023269891738892 -4.442665100097656 1.2182265520095825 15.553543090820312 -1.5464537143707275 5.913785457611084
578 Car 0.0 0 -1.0213603973388672 0.0 177.7376268474273 318.6320312943997 368.48258040195174 3.640214204788208 1.5257844924926758 1.5418223142623901 -4.6977739334106445 1.4516940116882324 7.621761322021484 -1.5737249851226807 5.222764015197754
578 Car 0.0 0 -0.899787425994873 197.93370810937168 166.85741520691178 314.62497803003714 211.90258016642608 3.938778877258301 1.4999654293060303 1.681111454963684 -13.042906761169434 0.8292346000671387 26.243419647216797 -1.3610299825668335 0.8264629244804382
578 Car 0.0 0 -1.0751023292541504 188.69071681476487 167.75929477562678 300.6087675369381 216.16108846644454 3.754788875579834 1.4785653352737427 1.7022820711135864 -12.320747375488281 0.8908053040504456 24.043155670166016 -1.5486547946929932 0.5575121641159058
578 Car 0.0 0 -1.0748319625854492 0.0 175.2160322249791 321.90850363250667 375.0 3.5351715087890625 1.4544997215270996 1.583155870437622 -4.226117134094238 1.3735798597335815 6.790946960449219 -1.6314990520477295 0.5162895321846008
579 Car 0.0 0 -1.2558369636535645 326.0024262069886 174.60887766098583 465.5228054661148 256.2164314482713 3.753094434738159 1.4485327005386353 1.5960160493850708 -4.398330211639404 1.228590488433838 14.76513385772705 -1.5453534126281738 6.497955799102783
579 Car 0.0 0 -1.0052800178527832 0.0 184.89173518001058 287.83488619987503 375.0 3.644824504852295 1.5185035467147827 1.5328969955444336 -4.78403377532959 1.5034092664718628 7.036462783813477 -1.6023826599121094 4.289953231811523
579 Car 0.0 0 -1.0820350646972656 177.43296100584206 166.87619653430087 289.9329994019002 216.17919911353317 3.6841964721679688 1.4548709392547607 1.6307064294815063 -12.25610637664795 0.8610422611236572 23.2390079498291 -1.5673567056655884 1.6381245851516724
579 Car 0.0 0 -1.050778865814209 0.0 177.03542881464492 298.34621322012373 375.0 3.5313527584075928 1.4563705921173096 1.5751566886901855 -4.1163411140441895 1.3990167379379272 5.996938705444336 -1.6523237228393555 1.9624794721603394
579 Car 0.0 0 -0.9288607239723206 0.0 166.20881826819743 223.71632522291787 261.94347492611394 3.7522754669189453 1.5122538805007935 1.5137649774551392 -9.153057098388672 1.1838300228118896 13.358186721801758 -1.5295859575271606 0.7022348046302795
580 Car 0.0 0 -1.2443914413452148 310.77437903351995 174.6164924128818 457.55863048056455 261.6336489203182 3.6482653617858887 1.4567629098892212 1.5690916776657104 -4.374095916748047 1.249449372291565 13.979252815246582 -1.5476398468017578 6.313940525054932
580 Car 0.0 0 -1.05250883102417 162.92528501706738 166.37350425644854 280.7138521100276 218.57927012347375 3.5801444053649902 1.4652292728424072 1.5756199359893799 -12.038509368896484 0.886317253112793 22.154272079467773 -1.5502665042877197 1.1228045225143433
580 Car 0.0 0 -1.0138697624206543 0.0 174.69556051907222 258.8979503532716 375.0 3.6635098457336426 1.4849801063537598 1.5934890508651733 -4.337107181549072 1.4225579500198364 5.582391738891602 -1.674382209777832 1.6918699741363525
580 Car 0.0 0 -0.9552044868469238 0.0 169.37008971778673 200.17853240520628 261.52995375694513 3.8503000736236572 1.4633941650390625 1.6254463195800781 -9.709338188171387 1.1834511756896973 13.445365905761719 -1.5806306600570679 0.595881998538971
581 Car 0.0 0 -1.23322331905365 286.81545816897477 174.12134563022866 448.79185762094386 267.5203596903734 3.683690071105957 1.444488763809204 1.5851166248321533 -4.350214958190918 1.2453103065490723 13.067272186279297 -1.5545921325683594 7.039101600646973
581 Car 0.0 0 -1.0392985343933105 146.18036778512868 166.14196793831707 272.24702942548544 218.69345063188533 3.7917909622192383 1.4546509981155396 1.6111763715744019 -12.306215286254883 0.8772903680801392 21.9810848236084 -1.5496762990951538 1.6066532135009766
582 Car 0.0 0 -1.2088017463684082 254.9300182755503 173.49588957300983 442.46415986389206 273.78082849322277 3.8191370964050293 1.4016213417053223 1.6200729608535767 -4.27630615234375 1.2128826379776 12.059332847595215 -1.549573540687561 7.302929878234863
582 Car 0.0 0 -0.8422145247459412 0.0 164.20249098530337 172.4785410898157 319.854777261601 4.10809850692749 1.55388605594635 1.636704921722412 -7.882205486297607 1.3262971639633179 9.31257152557373 -1.544617772102356 1.0810678005218506
582 Car 0.0 0 -1.4420984983444214 595.9550301143207 166.95290721090274 692.4484604094432 249.93135413993627 4.328732490539551 1.6472983360290527 1.6423894166946411 0.6775602102279663 1.2493209838867188 16.664764404296875 -1.4014626741409302 0.6885654330253601
583 Car 0.0 0 -1.1925687789916992 220.50454895939126 171.94664384757243 435.30253963800635 281.26728419057764 3.9870457649230957 1.3817734718322754 1.6432844400405884 -4.215357303619385 1.1915044784545898 11.171374320983887 -1.5533854961395264 7.385587215423584
583 Car 0.0 0 -1.0124263763427734 105.22564081351676 165.68504903966343 249.80422193225976 224.28916791519958 3.825692653656006 1.4615801572799683 1.605056643486023 -12.035486221313477 0.9299876689910889 20.007707595825195 -1.5539792776107788 1.148327350616455
583 Car 0.0 0 -1.4254837036132812 593.0578659348465 165.69884214206655 694.7371015990168 250.28858245666493 4.408822059631348 1.6503597497940063 1.6516021490097046 0.6725252866744995 1.234770655632019 16.46419906616211 -1.384658694267273 0.4592275023460388
584 Car 0.0 0 -1.1957988739013672 180.53881604177354 170.0668539281685 418.53394970811587 292.46866407227833 3.9824819564819336 1.3906360864639282 1.646296739578247 -4.204535961151123 1.1982545852661133 10.24005126953125 -1.5854072570800781 7.037866592407227
584 Car 0.0 0 -1.0391286611557007 85.9502140384979 166.4712710583433 230.50015182268558 223.57116061398767 3.9325504302978516 1.4289777278900146 1.5925694704055786 -12.638506889343262 0.9152272343635559 20.13249397277832 -1.599714994430542 1.682598352432251
584 Car 0.0 0 -0.9501877427101135 83.35299808565915 165.1304284738665 245.65007016017438 225.48311675529624 4.025994300842285 1.4519504308700562 1.6426304578781128 -12.04961109161377 0.9258175492286682 19.505718231201172 -1.5035548210144043 0.5830895900726318
584 Car 0.0 0 -1.4280548095703125 597.8208379532946 164.32812629499438 699.082282892951 250.28223713582616 4.466004848480225 1.6967463493347168 1.67164146900177 0.7845202684402466 1.2492003440856934 16.66236114501953 -1.381006121635437 0.6823332905769348
585 Car 0.0 0 -1.1667819023132324 140.77815255039735 169.38870399035196 406.14312418545313 305.318847006453 3.9540419578552246 1.410780429840088 1.6230405569076538 -4.1889262199401855 1.2279977798461914 9.510390281677246 -1.5816723108291626 6.943817615509033
585 Car 0.0 0 -1.0437607765197754 61.87643349946853 166.56980757343254 210.24948357130594 224.92517927952773 3.862112045288086 1.422040581703186 1.5981806516647339 -12.920924186706543 0.9241847395896912 19.639450073242188 -1.6256742477416992 2.870924949645996
585 Car 0.0 0 -1.4342831373214722 598.7740921546507 163.25256474242155 698.164918290549 249.29401110465867 4.262957572937012 1.7084486484527588 1.6838499307632446 0.7752878069877625 1.2369168996810913 16.644981384277344 -1.3877389430999756 1.6442724466323853
586 Car 0.0 0 -1.122502326965332 79.1903919275421 169.40980049491856 391.38693184107143 323.1972215026327 3.9607901573181152 1.415571689605713 1.6250474452972412 -4.1718244552612305 1.253658652305603 8.654617309570312 -1.5716745853424072 6.1812238693237305
586 Car 0.0 0 -1.408178687095642 608.0669131144709 164.20427233553573 711.6237930602565 248.59072865557275 3.99371075630188 1.6456196308135986 1.6678324937820435 1.008766770362854 1.201080322265625 16.270793914794922 -1.346259355545044 4.087420463562012
586 Car 0.0 0 -1.0692706108093262 40.463982684610926 168.00903192604537 185.236014824819 224.93520104815306 3.890038013458252 1.4161756038665771 1.5874665975570679 -13.839374542236328 0.9437295198440552 20.05240249633789 -1.6733622550964355 0.7706252336502075
586 Car 0.0 0 -0.6632860898971558 61.86132865829611 165.04111767128498 219.65012474225068 218.65995954827392 3.9781579971313477 1.5338256359100342 1.6457737684249878 -14.969060897827148 0.905667781829834 22.887842178344727 -1.242480754852295 0.4253320097923279
587 Car 0.0 0 -1.0970101356506348 3.7156541210309726 166.95111210368876 370.9571321707392 353.32011218556005 3.8011417388916016 1.4661905765533447 1.6348332166671753 -4.066489219665527 1.308463215827942 7.617587089538574 -1.5873533487319946 5.5216474533081055
587 Car 0.0 0 -1.4719605445861816 607.047966346003 163.50940772175315 700.7866037533345 248.3671750708845 4.103168487548828 1.6545650959014893 1.6780413389205933 0.8737661242485046 1.1965432167053223 16.291479110717773 -1.4183785915374756 3.841275215148926
587 Car 0.0 0 -1.1489596366882324 3.1419673051685506 168.11410248997504 155.5751028567499 233.35827599931216 3.975792169570923 1.462564468383789 1.5814809799194336 -13.483479499816895 1.039203405380249 18.36197853088379 -1.7823467254638672 0.8087043166160583
588 Car 0.0 0 -1.050130844116211 0.0 170.08721596398846 346.3170591735198 375.0 3.6681113243103027 1.479388952255249 1.5702110528945923 -4.051778316497803 1.3624472618103027 6.857123851776123 -1.5838218927383423 4.87514591217041
588 Car 0.0 0 -0.24117428064346313 37.38852627493062 171.37519159201494 163.64720809968483 207.21598519109108 4.266574859619141 1.4721462726593018 1.562497615814209 -22.787290573120117 0.8303635120391846 31.906936645507812 -0.8613536953926086 0.7582910060882568
588 Car 0.0 0 -1.4562911987304688 611.0138265029802 165.8554584508934 707.7656921656369 247.8319099494603 4.407209396362305 1.627091407775879 1.7005730867385864 1.0310784578323364 1.2074086666107178 16.70867919921875 -1.394660234451294 1.0262928009033203
589 Car 0.0 0 -1.0295038223266602 0.0 178.060528378762 323.0672354627708 375.0 3.5555059909820557 1.4570238590240479 1.5374586582183838 -4.2027153968811035 1.3969132900238037 6.6686272621154785 -1.591849446296692 4.70649528503418
589 Car 0.0 0 -0.26125258207321167 0.0 171.33189578091242 143.89052968129505 214.42103616480978 4.032747268676758 1.4616448879241943 1.6196045875549316 -20.13597297668457 0.9301605224609375 26.680923461914062 -0.9077520370483398 1.594291090965271
590 Car 0.0 0 -0.989098072052002 0.0 180.27194901077527 291.83206023930137 375.0 3.728597640991211 1.4898227453231812 1.59514582157135 -4.1350932121276855 1.4549000263214111 5.664295196533203 -1.6196939945220947 3.4868032932281494
590 Car 0.0 0 -0.08232152462005615 0.0 171.86855755904094 130.75548543713353 231.57008704388795 3.9592173099517822 1.4530460834503174 1.5989197492599487 -15.747147560119629 1.084769368171692 19.588403701782227 -0.7594369053840637 1.0933895111083984
590 Car 0.0 0 -1.3431068658828735 474.03573552237265 171.96955712169353 524.3690539670736 205.41314782948103 3.8843722343444824 1.5957801342010498 1.665348768234253 -6.055484771728516 0.878593921661377 36.58543395996094 -1.5071359872817993 0.7026368975639343
591 Car 0.0 0 -1.342400074005127 467.97642961402664 171.12715596477585 521.6779655448029 207.4488552132444 3.791363000869751 1.6015677452087402 1.652784824371338 -5.809559345245361 0.9016711115837097 33.909420013427734 -1.5120785236358643 0.5842041373252869
591 Car 0.0 0 -0.9491771459579468 0.0 166.51437613355577 93.04031009603364 247.59320193839528 3.7257297039031982 1.494762897491455 1.5790958404541016 -13.147466659545898 1.1170915365219116 15.291580200195312 -1.6593244075775146 0.7124081254005432
591 Car 0.0 0 -0.9518957138061523 65.63541363791906 175.24608995522476 283.6912174553739 263.1485935313834 3.9346632957458496 1.4564807415008545 1.571742057800293 -8.347553253173828 1.261726975440979 14.038232803344727 -1.4883573055267334 0.8451475501060486
591 Car 0.0 0 -1.515760898590088 617.0887631963939 165.4662399206752 698.7519043345937 247.60744509571194 4.306191444396973 1.694521427154541 1.67128586769104 1.0024126768112183 1.250293493270874 17.190231323242188 -1.4575139284133911 0.4530104994773865
592 Car 0.0 0 -0.9888376593589783 9.78343690489838 176.52255947571277 261.3278828225895 274.40009874810573 4.114470958709717 1.4447412490844727 1.6424366235733032 -8.185434341430664 1.2900868654251099 12.768492698669434 -1.558906078338623 6.310862064361572
592 Car 0.0 0 -1.1658625602722168 360.40233922117756 172.0348425865046 426.61214268061843 206.57434838614614 3.6533844470977783 1.4783515930175781 1.5498090982437134 -10.230352401733398 0.8378165364265442 32.92874526977539 -1.4670898914337158 1.4885940551757812
592 Car 0.0 0 -1.599787712097168 627.3181524971288 165.975381077576 708.2436223351282 247.2981560654968 4.3724751472473145 1.6737897396087646 1.6659566164016724 1.0429013967514038 1.2410598993301392 17.133787155151367 -1.538994550704956 0.9758428931236267
592 Car 0.0 0 -1.2019085884094238 459.0734175832 171.60353865997362 523.9269432301678 208.15909421549327 3.777261257171631 1.5397543907165527 1.605698585510254 -5.715041637420654 0.8912409543991089 32.546478271484375 -1.3757327795028687 0.43347522616386414
593 Car 0.0 0 -0.8679667115211487 0.0 181.53014136215313 228.60368748381202 280.6737458792073 3.897941827774048 1.4812023639678955 1.5947681665420532 -8.931631088256836 1.3994828462600708 12.847631454467773 -1.475461721420288 4.799200534820557
593 Car 0.0 0 -1.4062047004699707 455.40590671432545 172.71944024213371 509.34462361798484 211.90926550687527 3.701505661010742 1.526332139968872 1.6078264713287354 -5.665892124176025 0.9701449871063232 30.10458755493164 -1.5922355651855469 1.2573330402374268
593 Car 0.0 0 -1.5438270568847656 631.0808430378604 166.10656261307207 708.7305914223051 245.0669109546387 4.179275035858154 1.6983528137207031 1.6758553981781006 1.2689778804779053 1.2489572763442993 17.755958557128906 -1.4724806547164917 1.4662331342697144
593 Car 0.0 0 -1.1609506607055664 349.5895309858252 172.72681928978673 415.2301936048406 207.591083113318 3.583049774169922 1.4830322265625 1.5033454895019531 -10.659228324890137 0.8758894205093384 32.69449234008789 -1.476109504699707 0.7439433932304382
594 Car 0.0 0 -0.8552833795547485 0.0 182.23714228419942 197.47393268926714 292.53655400284265 3.8488216400146484 1.5626484155654907 1.5965025424957275 -9.169222831726074 1.4951714277267456 12.248895645141602 -1.4978721141815186 4.102146148681641
594 Car 0.0 0 -1.3145251274108887 448.067520800384 173.69224115380229 508.99523562185675 213.76459819838487 3.63175630569458 1.5331007242202759 1.564219355583191 -5.722302436828613 1.0239683389663696 29.60066032409668 -1.505486249923706 1.9631147384643555
594 Car 0.0 0 -1.6211190223693848 637.480431356141 166.39133583356525 715.4136772522075 244.6283006195105 4.208203315734863 1.7054483890533447 1.6855385303497314 1.2692337036132812 1.256210446357727 17.924930572509766 -1.5504287481307983 3.11018443107605
594 Car 0.0 0 -1.1529927253723145 340.0062461210133 174.91009447890227 408.0641870077655 210.99537510552312 3.535252094268799 1.4855468273162842 1.5043728351593018 -10.688946723937988 0.9878336191177368 31.67638397216797 -1.4784365892410278 1.1838363409042358
595 Car 0.0 0 -1.6707029342651367 632.1099668022584 166.0083947776564 718.5775401893618 244.32641430127845 4.135648250579834 1.7037286758422852 1.6938576698303223 1.2297388315200806 1.2470777034759521 17.865047454833984 -1.6019763946533203 2.8723440170288086
595 Car 0.0 0 -1.1338820457458496 317.61631513711393 174.45047628454577 400.8815919086011 218.4300363343823 3.626957654953003 1.509415864944458 1.487392783164978 -9.542522430419922 1.0787055492401123 26.75839614868164 -1.4764403104782104 1.0834438800811768
595 Car 0.0 0 -1.350583553314209 439.07877205285723 174.41008662162034 502.27148432916874 217.29484800433676 3.782918930053711 1.5108145475387573 1.5442653894424438 -5.590388774871826 1.0672764778137207 27.44779396057129 -1.5515087842941284 0.9670735597610474
595 Car 0.0 0 0.0009277462959289551 0.0 192.09081043319873 179.92172984037305 307.2039417247173 3.989797592163086 1.4846516847610474 1.5927188396453857 -9.368574142456055 1.5778930187225342 11.3980131149292 -0.6870536208152771 0.6806870698928833
596 Car 0.0 0 -1.2718420028686523 424.9578212903839 174.16087737818384 499.80274315055374 218.77251713543097 3.934840202331543 1.5299293994903564 1.613947868347168 -5.767952919006348 1.0896193981170654 26.894269943237305 -1.4831093549728394 2.5683741569519043
596 Car 0.0 0 -1.6645570993423462 633.3412069997569 165.9485815029086 718.7762207030523 243.47012531596707 4.132767677307129 1.7049098014831543 1.712944507598877 1.2612537145614624 1.2419317960739136 18.031198501586914 -1.5947223901748657 3.1347084045410156
596 Car 0.0 0 -1.1453943252563477 305.98801965324157 174.50364862463806 388.7426564452973 220.06254969726766 3.5956406593322754 1.554323673248291 1.4781712293624878 -9.913741111755371 1.1279882192611694 26.5791015625 -1.5024017095565796 0.9181913137435913
597 Car 0.0 0 -1.7208762168884277 631.9851179057928 166.01987346838638 723.7869349846827 242.00207008492546 4.127472877502441 1.7173734903335571 1.7128655910491943 1.3391406536102295 1.2431740760803223 18.510974884033203 -1.6486589908599854 3.694201946258545
597 Car 0.0 0 -1.3331685066223145 416.30268633711836 173.0626441060858 490.46270892681315 222.54213528874104 3.876677989959717 1.5775099992752075 1.618630290031433 -5.679049015045166 1.1331578493118286 25.064916610717773 -1.5559802055358887 2.4610135555267334
597 Car 0.0 0 -1.1370978355407715 290.8521440042162 174.4344841093161 376.5751883841165 220.2182656296438 3.544215679168701 1.495084285736084 1.4369347095489502 -9.979973793029785 1.0847532749176025 25.487695693969727 -1.5103076696395874 1.774643898010254
598 Car 0.0 0 -1.1341023445129395 265.28737228454406 176.07306362274295 362.8006595420084 227.02868642337438 3.5413970947265625 1.503596305847168 1.5058903694152832 -9.686885833740234 1.1811647415161133 23.193641662597656 -1.5297333002090454 2.887455463409424
598 Car 0.0 0 -1.3645176887512207 405.43209893030337 174.0730757009047 480.9413581551232 226.44096597197236 3.9406182765960693 1.6054465770721436 1.664305567741394 -5.8197407722473145 1.2091448307037354 24.220670700073242 -1.6003273725509644 2.1074726581573486
598 Car 0.0 0 -1.6778364181518555 636.7086632175904 166.36766407642654 722.5193368449675 241.9628854870315 4.256984710693359 1.7411586046218872 1.7529939413070679 1.4130879640579224 1.2659411430358887 18.854509353637695 -1.6030293703079224 1.6754138469696045
598 Car 0.0 0 -1.0618348121643066 421.2820346596379 176.2324749478924 511.8029155811272 218.32535929909182 4.148902416229248 1.5426288843154907 1.702010989189148 -6.008925437927246 1.1480183601379395 28.804208755493164 -1.2674980163574219 0.8837411403656006
599 Car 0.0 0 -1.1114463806152344 245.8397611184563 178.10812797398236 350.0218218375886 231.1903285969575 3.4121017456054688 1.462630033493042 1.4805063009262085 -9.541254043579102 1.2176228761672974 21.71479034423828 -1.5254417657852173 3.3295202255249023
599 Car 0.0 0 -1.3402647972106934 389.4653836981822 175.07348518774188 473.33123234578477 229.2955414777991 4.014922618865967 1.5830020904541016 1.7068783044815063 -5.931641578674316 1.2348098754882812 23.190513610839844 -1.590674877166748 2.479365587234497
599 Car 0.0 0 -1.7327178716659546 630.0540270791444 166.42026988985424 724.6260248141779 242.0739422369519 3.945427179336548 1.6668483018875122 1.7044917345046997 1.2892835140228271 1.2134230136871338 18.015487670898438 -1.6612744331359863 1.472998857498169
600 Car 0.0 0 -1.0780773162841797 224.73887957217963 178.49359413285475 335.43543256050805 232.6203864034787 3.4272444248199463 1.4637457132339478 1.4979722499847412 -9.902329444885254 1.2337077856063843 21.360912322998047 -1.5121605396270752 3.582566261291504
600 Car 0.0 0 -1.345376968383789 379.8786152365042 176.0527604301802 463.5034152125307 232.00352452925142 3.7530593872070312 1.5638285875320435 1.6539782285690308 -5.969524383544922 1.25785231590271 22.170345306396484 -1.608396291732788 3.7462756633758545
600 Car 0.0 0 -1.1146845817565918 406.283229695635 178.26581380106055 500.33947881394073 224.12406002624144 4.158260345458984 1.554646611213684 1.719728708267212 -6.0619354248046875 1.2585477828979492 26.800344467163086 -1.3371301889419556 0.824834406375885
600 Car 0.0 0 -1.6928437948226929 635.1070482248224 166.9208228369576 720.4464209491074 239.45073107341435 4.071134090423584 1.6972401142120361 1.728179693222046 1.387142300605774 1.2273762226104736 19.041303634643555 -1.6201231479644775 1.057004690170288
601 Car 0.0 0 -1.3621368408203125 362.09893377737234 174.329731081371 450.39173333694714 235.9914845684093 3.8203818798065186 1.5987582206726074 1.6513828039169312 -6.016350746154785 1.27024507522583 20.76351547241211 -1.6441690921783447 4.734241485595703
601 Car 0.0 0 -1.0839381217956543 197.09618791383764 179.41293729082645 317.3446436174148 237.99573612601696 3.5444564819335938 1.5025074481964111 1.5287861824035645 -10.070518493652344 1.307917594909668 20.38770294189453 -1.5427345037460327 3.7383618354797363
601 Car 0.0 0 -1.6206917762756348 647.9482955908825 167.58130485326856 720.2490438147199 237.81924778796366 4.114796161651611 1.686655044555664 1.7122125625610352 1.6061211824417114 1.2203452587127686 19.493938446044922 -1.5384865999221802 0.8419362902641296
602 Car 0.0 0 -1.358485221862793 347.53993737265597 176.70453220684024 440.2710648335433 237.84543615579474 3.8758201599121094 1.5246975421905518 1.6518661975860596 -6.148087024688721 1.26795494556427 20.080759048461914 -1.6555911302566528 5.367053985595703
602 Car 0.0 0 -1.0779633522033691 169.60556946674768 179.61854230701707 298.14814674304876 241.39196170192105 3.5871877670288086 1.5288703441619873 1.5625447034835815 -10.370682716369629 1.346181869506836 19.744409561157227 -1.5616035461425781 3.8635547161102295
602 Car 0.0 0 -1.5290603637695312 653.2289485297823 167.57370570217307 719.855883621658 234.6352172406241 4.076411247253418 1.6843397617340088 1.6760976314544678 1.9406111240386963 1.1964223384857178 20.343040466308594 -1.4339537620544434 1.0518862009048462
602 Car 0.0 0 -1.3524012565612793 281.40303005686536 180.19753588103578 359.46222118299556 229.66210019105606 3.801461696624756 1.4828064441680908 1.5620075464248657 -9.717247009277344 1.2788879871368408 23.739213943481445 -1.7409274578094482 0.6094753742218018
603 Car 0.0 0 -1.335357666015625 326.3647730254421 178.8272585260219 428.12522162537994 244.77652330447165 3.8136415481567383 1.5496324300765991 1.6634266376495361 -6.238132476806641 1.3575947284698486 19.004135131835938 -1.6525274515151978 5.803341388702393
603 Car 0.0 0 -1.0451040267944336 133.88007043507807 184.7131969049301 285.41583051773296 250.35599104347284 4.03421688079834 1.5317249298095703 1.6174184083938599 -10.529082298278809 1.478364109992981 18.94927215576172 -1.5522714853286743 2.4857125282287598
603 Car 0.0 0 -1.5344243049621582 653.7771109739566 169.9765189050712 721.4923317522305 235.56371623533622 3.9931178092956543 1.6435233354568481 1.7014271020889282 1.9509845972061157 1.2169387340545654 20.25908088684082 -1.4384186267852783 0.5280437469482422
604 Car 0.0 0 -1.3305331468582153 306.01210808362805 180.59702911095172 415.63331334964766 250.06681120086174 3.855811595916748 1.5274049043655396 1.658657431602478 -6.274181842803955 1.3866252899169922 17.939125061035156 -1.6669838428497314 6.123838424682617
604 Car 0.0 0 -1.0430827140808105 90.88886223413937 183.1746240702166 264.4737950461795 260.4671697206212 4.181363105773926 1.642568826675415 1.6696349382400513 -10.441219329833984 1.561274528503418 17.506378173828125 -1.5808684825897217 3.5387423038482666
604 Car 0.0 0 -1.202688217163086 394.70636225217993 184.25389931979714 467.92225686034624 226.13799715677436 3.6840834617614746 1.54546320438385 1.5731323957443237 -7.394030570983887 1.4441360235214233 28.672327041625977 -1.4550697803497314 1.673996090888977
604 Car 0.0 0 -1.6479471921920776 656.1600456526264 169.41798777091458 732.0832931333767 237.79722040345382 3.903028964996338 1.6545259952545166 1.7172874212265015 1.8781380653381348 1.2291059494018555 19.509872436523438 -1.5519769191741943 0.509235143661499
605 Car 0.0 0 -1.2984614372253418 279.6759613691101 182.62476685796142 401.4318444091417 257.1715132130196 3.81335711479187 1.5196788311004639 1.6307605504989624 -6.302317142486572 1.4304871559143066 16.750383377075195 -1.6583267450332642 6.662968158721924
605 Car 0.0 0 -1.0371731519699097 52.92780920941672 184.7250432745728 239.92401960769575 269.7344453504679 4.661967754364014 1.8439524173736572 1.7373403310775757 -11.521440505981445 1.7946059703826904 18.085134506225586 -1.604402780532837 1.1375324726104736
606 Car 0.0 0 -1.259533405303955 246.21021183131475 183.577435358595 387.5487548042775 265.5138187287687 3.869572162628174 1.5303971767425537 1.6536211967468262 -6.310729503631592 1.4664709568023682 15.532682418823242 -1.6454479694366455 6.688002109527588
606 Car 0.0 0 -1.343740463256836 370.17516874680865 186.96458316663345 442.5778300244198 233.35274332115284 3.8215491771698 1.5107874870300293 1.6180416345596313 -7.4530558586120605 1.509634017944336 25.56584930419922 -1.6274030208587646 2.587423801422119
607 Car 0.0 0 -1.2487850189208984 209.6523598265321 184.8634162865781 369.01299506835613 273.993770177648 4.0308003425598145 1.5212712287902832 1.6569709777832031 -6.375162601470947 1.4848041534423828 14.458210945129395 -1.664076805114746 6.717859268188477
607 Car 0.0 0 -1.2216286659240723 352.8621713015127 187.87536474100037 437.8080810535736 235.11688090826198 3.6787118911743164 1.507257103919983 1.6354223489761353 -7.684112548828125 1.5398080348968506 25.08057975769043 -1.518925666809082 1.372521162033081
607 Car 0.0 0 -0.9775343537330627 36.028527347335455 177.9224429417234 227.70560551318042 260.76370217998175 4.0509114265441895 1.7087849378585815 1.7298647165298462 -11.184149742126465 1.5215401649475098 16.98983383178711 -1.5597116947174072 0.6328054666519165
608 Car 0.0 0 -1.2072561979293823 170.81443224721082 185.18940784950235 349.1527742045671 282.8025681601299 3.813671112060547 1.5203473567962646 1.6271183490753174 -6.351620674133301 1.4921469688415527 13.260007858276367 -1.6539678573608398 7.180177688598633
608 Car 0.0 0 -1.3639580011367798 337.6126655576274 188.52366025578507 419.2762398695562 240.46009368508243 3.8908963203430176 1.4757106304168701 1.6504420042037964 -7.479358196258545 1.527763843536377 22.74385643005371 -1.6816697120666504 4.30435848236084
608 Car 0.0 0 -1.0388312339782715 19.373842295342083 182.82880284630411 191.07106342927847 257.21461204259776 3.843393564224243 1.6228336095809937 1.699668526649475 -12.415151596069336 1.5318329334259033 17.798559188842773 -1.647902250289917 1.0414798259735107
608 Car 0.0 0 -0.01873832941055298 0.0 188.58048073376492 151.238290606748 294.3084760372049 3.685697078704834 1.5024542808532715 1.5388332605361938 -10.1636962890625 1.5328330993652344 12.145931243896484 -0.7155181169509888 0.8526210188865662
608 Car 0.0 0 -1.510551929473877 674.6939143468269 170.83092131039976 738.0507761160834 231.49142895648518 3.903459072113037 1.6348772048950195 1.6295844316482544 2.6366119384765625 1.199100136756897 21.606721878051758 -1.389124870300293 0.7949108481407166
609 Car 0.0 0 -1.1432842016220093 116.34178115338143 188.11934565871954 329.128138628949 293.67312175363116 3.866389513015747 1.4822918176651 1.6307487487792969 -6.402805805206299 1.5041760206222534 12.198883056640625 -1.6266279220581055 6.985367774963379
609 Car 0.0 0 -1.3265295028686523 322.4950944152563 189.02988353215724 408.308044837618 242.99232724033592 3.6721534729003906 1.4906954765319824 1.60965096950531 -7.65360689163208 1.5578137636184692 22.071805953979492 -1.6603144407272339 3.882408618927002
609 Car 0.0 0 -1.5408997535705566 679.2058593104139 170.5586102196343 740.5681495546652 231.29158281652442 4.086581707000732 1.6580941677093506 1.6744602918624878 2.76700758934021 1.2092214822769165 21.94196128845215 -1.4154561758041382 0.9804289937019348
610 Car 0.0 0 -1.1162368059158325 45.53023552312873 188.70156600775206 300.8186357536751 306.2780569264101 4.044229507446289 1.4668177366256714 1.6773254871368408 -6.534287452697754 1.4979441165924072 11.183696746826172 -1.6450090408325195 7.126160621643066
610 Car 0.0 0 -1.279613971710205 302.0724125375843 189.6444267618429 397.57356907670254 247.05244922409582 3.605192184448242 1.4989447593688965 1.602340579032898 -7.699299335479736 1.582094430923462 20.948610305786133 -1.6318219900131226 4.860818862915039
610 Car 0.0 0 -1.5112543106079102 680.7220644418538 169.6959184555005 746.0051731044031 231.35986376206316 4.00651216506958 1.6602497100830078 1.6835405826568604 2.8540217876434326 1.1943519115447998 21.646713256835938 -1.3801648616790771 0.9677501320838928
611 Car 0.0 0 -1.2622379064559937 278.5812541130479 191.742079284217 384.17876966891424 251.82945756385772 3.752392530441284 1.4757977724075317 1.6294382810592651 -7.849686145782471 1.6194370985031128 20.035734176635742 -1.6356418132781982 5.109385013580322
611 Car 0.0 0 -1.0096001625061035 0.0 190.3325480376187 267.7303481897882 318.85919633646046 3.649639368057251 1.4913241863250732 1.5761722326278687 -6.689573287963867 1.5472979545593262 10.342452049255371 -1.5837275981903076 6.718101501464844
612 Car 0.0 0 -1.258772373199463 253.1607535163635 193.3885025763647 366.5603077524005 255.35896520750958 3.91796875 1.4568889141082764 1.6564117670059204 -8.19015121459961 1.646402359008789 19.48440170288086 -1.6566927433013916 5.455774784088135
612 Car 0.0 0 -0.9772944450378418 0.0 191.66804919224353 221.94346569661295 347.30544604589284 3.6094002723693848 1.5314488410949707 1.5440175533294678 -6.695957660675049 1.6017265319824219 9.079560279846191 -1.61273193359375 5.474156856536865
612 Car 0.0 0 -1.4359979629516602 686.5038049133561 166.90149082298996 757.814216618514 226.9852390812267 3.99800968170166 1.6962475776672363 1.6675611734390259 3.2548835277557373 1.1288387775421143 22.619003295898438 -1.2930786609649658 2.1915111541748047
612 Car 0.0 0 -0.9981704354286194 130.26656340823806 189.7980449956522 262.66963101443304 247.46253208655176 3.6253440380096436 1.4975770711898804 1.5596424341201782 -12.036773681640625 1.5852067470550537 20.85711669921875 -1.5215861797332764 2.1391098499298096
613 Car 0.0 0 -1.232804298400879 227.06834400262855 193.92256088228 348.45232288320204 262.6793633852583 3.6369590759277344 1.4889487028121948 1.5959311723709106 -8.084599494934082 1.6783678531646729 17.95844268798828 -1.655811071395874 5.1664652824401855
613 Car 0.0 0 -1.0425171852111816 90.19396731801788 191.04306882585377 233.485583358045 255.55008422112857 3.5890331268310547 1.5102076530456543 1.565181851387024 -11.851625442504883 1.6263911724090576 19.017724990844727 -1.5998127460479736 3.674750566482544
613 Car 0.0 0 -0.8757100105285645 0.0 193.56294517050634 175.2753954042282 375.0 4.053215026855469 1.5488338470458984 1.6245421171188354 -6.8825154304504395 1.6389408111572266 7.910977363586426 -1.5916986465454102 2.376481294631958
613 Car 0.0 0 -1.451650619506836 689.2859065426264 166.0047781754422 759.3488575153747 226.00337226753433 3.928931713104248 1.6884288787841797 1.6861580610275269 3.305579900741577 1.0975993871688843 22.519241333007812 -1.305902361869812 0.7874717116355896
614 Car 0.0 0 -1.223062515258789 193.3700020917288 196.35334965273398 328.9087963102368 270.1683665829402 3.801738739013672 1.480007529258728 1.62491774559021 -8.247543334960938 1.724953293800354 17.011795043945312 -1.6744871139526367 5.795477390289307
614 Car 0.0 0 -1.029381275177002 27.865897545592432 192.70424039322094 205.78560481736446 267.7621486515607 3.934631824493408 1.5283156633377075 1.6212925910949707 -11.617422103881836 1.6784894466400146 17.077512741088867 -1.626746654510498 4.323797225952148
614 Car 0.0 0 -1.464164137840271 693.8270338804392 165.61235322929008 763.203910901745 226.14618048726473 3.96173095703125 1.6900739669799805 1.6921520233154297 3.414559841156006 1.0929416418075562 22.37308120727539 -1.3127137422561646 0.8751754760742188
615 Car 0.0 0 -1.1947689056396484 156.58844278773742 197.66375158247587 308.29389174329623 276.71299821565486 3.790480136871338 1.4492987394332886 1.603751540184021 -8.2469482421875 1.7105441093444824 15.792610168457031 -1.6760207414627075 6.212248802185059
615 Car 0.0 0 -0.8926430344581604 0.0 193.32710119245232 172.82006456021418 271.12215880593715 3.972655773162842 1.5818736553192139 1.6339389085769653 -12.653983116149902 1.748613953590393 17.088438034057617 -1.530036211013794 3.0132133960723877
615 Car 0.0 0 -1.4482650756835938 698.7665883875369 167.539660031159 766.0767674987762 223.59599474499112 3.9267737865448 1.642538070678711 1.6640621423721313 3.6832077503204346 1.072319746017456 23.36046600341797 -1.2918840646743774 0.6475739479064941
616 Car 0.0 0 -1.1332465410232544 109.12585751997801 197.6149883131426 287.59859091525277 283.3474027574543 3.88816499710083 1.4647817611694336 1.638262391090393 -8.42005443572998 1.7120099067687988 14.884288787841797 -1.648064136505127 5.752745151519775
616 Car 0.0 0 0.04890984296798706 0.0 194.6752221979489 146.2620292942373 279.31153623484585 3.845658302307129 1.5584017038345337 1.5864802598953247 -12.444462776184082 1.740670084953308 15.444175720214844 -0.629339873790741 1.0150891542434692
617 Car 0.0 0 -1.1121530532836914 59.0350966749511 198.87567915871972 260.06670578389367 290.7630243354226 4.091975688934326 1.4851168394088745 1.6848100423812866 -8.849320411682129 1.7553126811981201 14.380035400390625 -1.663811445236206 5.440568923950195
618 Car 0.0 0 -1.0477142333984375 0.0 202.70799998627157 227.04825495134867 302.82409362146944 4.0680108070373535 1.5096126794815063 1.6701244115829468 -9.243027687072754 1.8511555194854736 13.675736427307129 -1.642061710357666 5.800983428955078
619 Car 0.0 0 -1.011953353881836 0.0 202.0579474710532 190.8659495251074 308.4089047635375 3.740213632583618 1.5458595752716064 1.5980473756790161 -9.508349418640137 1.8559238910675049 13.0059175491333 -1.6432344913482666 5.065439224243164
620 Car 0.0 0 -0.9421295523643494 0.0 203.5446747667874 147.46751927662422 320.5559281280935 3.7288074493408203 1.5041685104370117 1.5609525442123413 -9.593713760375977 1.8160767555236816 11.763397216796875 -1.6262843608856201 3.244077444076538
620 Car 0.0 0 -1.4113327264785767 715.7216580832086 166.63387426287682 781.2745128915583 219.78221251907325 3.882707357406616 1.697657585144043 1.6439934968948364 4.530489921569824 1.0471253395080566 25.262081146240234 -1.233879566192627 0.4182552397251129
621 Car 0.0 0 -1.4347243309020996 716.4138115596629 166.74960979803268 779.5284692039185 219.81145632622193 3.866157293319702 1.6851401329040527 1.634407877922058 4.4849419593811035 1.042027473449707 25.115602493286133 -1.2580149173736572 0.4026091694831848
622 Car 0.0 0 -0.8072147369384766 0.0 188.13633856146058 88.75296678462469 247.3973546756973 3.9793429374694824 1.5799990892410278 1.636940836906433 -18.08926010131836 1.6168041229248047 21.445249557495117 -1.5079283714294434 0.48296475410461426
622 Car 0.0 0 -1.453874111175537 722.3001762803252 168.89884538955425 785.4794180335878 221.5919000042693 3.9259109497070312 1.7019128799438477 1.7336317300796509 4.770979881286621 1.117270588874817 25.548603057861328 -1.2692592144012451 0.718657374382019
623 Car 0.0 0 -1.426115870475769 724.1673472225466 169.93548127603432 788.4513321337355 220.9439333193118 3.823547601699829 1.6554458141326904 1.6894749402999878 4.865645408630371 1.101628065109253 25.61246109008789 -1.2383811473846436 0.7740112543106079
624 Car 0.0 0 -1.427389144897461 726.1078320304005 167.73138900296053 787.6654806037651 218.7882842289555 3.8352508544921875 1.6786247491836548 1.6221143007278442 4.940572738647461 1.045120358467102 25.91373062133789 -1.2389954328536987 1.4652131795883179
625 Car 0.0 0 -1.4166216850280762 730.8456380546394 166.42970489837066 795.26144848114 218.37024668917846 3.8911309242248535 1.7046546936035156 1.6718758344650269 5.1626458168029785 1.0295510292053223 25.908666610717773 -1.2199345827102661 2.1527042388916016
626 Car 0.0 0 -1.391140341758728 732.5267464815943 167.76839734795024 796.5770048082915 216.64160126505197 3.769774913787842 1.6539266109466553 1.649174451828003 5.347353935241699 1.0031065940856934 26.59130096435547 -1.1926929950714111 0.928068220615387
627 Car 0.0 0 -1.4243017435073853 733.764790831084 165.95258480167473 796.4269464499804 216.33077200522862 3.840488910675049 1.6733253002166748 1.6668678522109985 5.285299301147461 0.974229633808136 26.170427322387695 -1.2250251770019531 0.6279546022415161
628 Car 0.0 0 -1.4021196365356445 739.4240441627842 162.97333014885228 803.2615688668532 213.058645550195 3.82450532913208 1.7076513767242432 1.6846966743469238 5.642063140869141 0.8884656429290771 26.807050704956055 -1.1946779489517212 0.8377161622047424
629 Car 0.0 0 -1.3784008026123047 742.4383051345857 163.02034217203797 807.0286695909366 211.68681645418343 3.892784595489502 1.729877233505249 1.7103654146194458 5.999292373657227 0.8775067925453186 27.89672088623047 -1.1665732860565186 0.841123640537262
676 Car 0.0 0 -2.0786800384521484 360.42800396230695 174.37541861534015 592.2640271596905 311.23331149057583 4.124760627746582 1.6077024936676025 1.4361302852630615 -2.268125534057617 1.4593985080718994 10.540986061096191 -2.2906205654144287 0.8187531232833862
738 Car 0.0 0 -2.003973960876465 560.4925402760541 168.1487280106982 620.832573653429 201.64409685492095 3.572277545928955 1.5491324663162231 1.5948591232299805 -1.5112074613571167 0.6772770881652832 35.48405456542969 -2.046536684036255 0.6340476870536804
740 Car 0.0 0 -1.8941211700439453 573.1122717529607 172.32698046791975 627.7014437279873 205.66466072975643 3.447924852371216 1.502750277519226 1.5847097635269165 -1.0087666511535645 0.8413400053977966 34.57246780395508 -1.9232912063598633 0.7223920226097107
745 Car 0.0 0 -1.6746816635131836 594.635730321693 171.85935407159016 642.2587559395763 211.46341922730062 3.4001383781433105 1.5006284713745117 1.5711506605148315 -0.13551928102970123 0.9269377589225769 29.24629020690918 -1.6793153285980225 0.5747772455215454
746 Car 0.0 0 -1.9489059448242188 584.8216613300052 172.034663155832 653.0750681587598 212.40341636950433 3.368828058242798 1.4905837774276733 1.5555169582366943 -0.12116124480962753 0.9380007386207581 28.62333106994629 -1.953138828277588 0.5294899940490723
747 Car 0.0 0 -1.9291934967041016 586.0944167996854 171.7546348325104 654.1826112605472 213.0011429873982 3.3766684532165527 1.4973474740982056 1.5545294284820557 -0.07532026618719101 0.9439040422439575 28.17361831665039 -1.9318668842315674 0.782764196395874
748 Car 0.0 0 -1.9143496751785278 590.4158508721428 172.5233639657805 656.7547331770658 213.25689633346244 3.3876609802246094 1.501720905303955 1.5600202083587646 0.060577619820833206 0.9680115580558777 28.586090087890625 -1.9122304916381836 0.7235851883888245
760 Car 0.0 0 -1.7154898643493652 592.1344054981295 179.13572789346392 669.2113105244018 239.59263439953648 4.153957366943359 1.6747230291366577 1.768046259880066 0.20929241180419922 1.4568740129470825 22.260778427124023 -1.7060883045196533 0.6299230456352234
761 Car 0.0 0 -1.6093660593032837 603.4618186070304 179.11490027444904 668.5727027398902 240.65038899383057 3.9708850383758545 1.6172122955322266 1.7139625549316406 0.3670392334461212 1.4099842309951782 21.05704689025879 -1.5919370651245117 0.6466541290283203
763 Car 0.0 0 -1.6476106643676758 600.2271303166065 177.70158812233473 680.1512743730995 248.41129861433697 3.971311330795288 1.6147444248199463 1.7266685962677002 0.3981223702430725 1.4024035930633545 18.586891174316406 -1.6261943578720093 0.7371017932891846
768 Car 0.0 0 1.4800993204116821 591.477757912452 176.96078499566264 691.9413858525392 262.94871472019395 4.086306571960449 1.5795612335205078 1.7378201484680176 0.3140419125556946 1.3951451778411865 15.417261123657227 1.500465989112854 0.5695209503173828
769 Car 0.0 0 1.4613443613052368 589.3053931324841 179.79907090373064 691.1546452126881 262.4404215486367 3.9864537715911865 1.5170366764068604 1.7004281282424927 0.28430041670799255 1.3848501443862915 15.37110710144043 1.4798380136489868 0.4578459858894348
809 Car 0.0 0 -1.2383651733398438 559.2366384956358 193.9766080509373 833.5954802166436 375.0 5.068325996398926 1.707836389541626 1.6590687036514282 1.2960944175720215 1.8197095394134521 8.9931001663208 -1.0952297449111938 0.459102064371109
812 Car 0.0 0 -1.2074140310287476 558.2953033191304 194.10288182770066 839.1670580613354 375.0 4.552821159362793 1.6573508977890015 1.6922568082809448 1.2379913330078125 1.7654657363891602 8.63421630859375 -1.065002679824829 0.45856982469558716
819 Car 0.0 0 -1.206495761871338 557.4882925845804 193.5219303398568 839.6553453410572 375.0 4.588133811950684 1.6667206287384033 1.683106780052185 1.2391297817230225 1.765993595123291 8.621564865112305 -1.063748836517334 0.48798659443855286